,CENTRALWAVELENGTH,PL_TRANDEP,PL_TRANDEPERR1
0,0.60044,1.41233,0.10939
1,0.60085,1.5497,0.1291
2,0.60126,1.28239,0.12779
3,0.60167,1.53293,0.10184
4,0.60208,1.45843,0.12362
5,0.60249,1.64112,0.12822
6,0.6029,1.62757,0.11763
7,0.60331,1.49851,0.11512
8,0.60372,1.52294,0.12917
9,0.60413,1.37516,0.1157
10,0.60454,1.38207,0.10566
11,0.60495,1.48168,0.11713
12,0.60536,1.51502,0.13469
13,0.60577,1.53357,0.09978
14,0.60618,1.56471,0.12927
15,0.60659,1.69423,0.12792
16,0.60701,1.57467,0.15506
17,0.60742,1.37652,0.11082
18,0.60783,1.62034,0.11166
19,0.60824,1.49459,0.08078
20,0.60865,1.56186,0.08667
21,0.60906,1.41827,0.11766
22,0.60948,1.34184,0.12864
23,0.60989,1.51996,0.11462
24,0.6103,1.56791,0.0908
25,0.61071,1.53739,0.11609
26,0.61113,1.63948,0.11136
27,0.61154,1.25472,0.09602
28,0.61195,1.5721,0.08018
29,0.61236,1.52511,0.12156
30,0.61278,1.4676,0.11982
31,0.61319,1.44138,0.10831
32,0.6136,1.59658,0.14038
33,0.61402,1.60258,0.11279
34,0.61443,1.4743,0.07621
35,0.61484,1.4624,0.09624
36,0.61526,1.42586,0.08729
37,0.61567,1.51412,0.08614
38,0.61609,1.4217,0.0965
39,0.6165,1.38772,0.08673
40,0.61692,1.33703,0.09714
41,0.61733,1.53825,0.08571
42,0.61775,1.46682,0.08998
43,0.61816,1.47838,0.08792
44,0.61858,1.49966,0.09028
45,0.61899,1.49488,0.09282
46,0.61941,1.55924,0.1018
47,0.61982,1.35069,0.07726
48,0.62024,1.40394,0.0976
49,0.62065,1.58612,0.08059
50,0.62107,1.51729,0.10361
51,0.62148,1.37337,0.08131
52,0.6219,1.56181,0.08391
53,0.62232,1.50826,0.07965
54,0.62273,1.56299,0.10172
55,0.62315,1.50493,0.08861
56,0.62357,1.45485,0.08514
57,0.62398,1.46874,0.07495
58,0.6244,1.51534,0.06868
59,0.62482,1.53937,0.08257
60,0.62523,1.4756,0.09843
61,0.62565,1.46226,0.08732
62,0.62607,1.36868,0.08535
63,0.62649,1.44285,0.09554
64,0.6269,1.54602,0.0787
65,0.62732,1.60744,0.10293
66,0.62774,1.38888,0.06957
67,0.62816,1.47237,0.08974
68,0.62858,1.43531,0.06907
69,0.62899,1.3551,0.0576
70,0.62941,1.44609,0.06887
71,0.62983,1.39407,0.09109
72,0.63025,1.54592,0.0837
73,0.63067,1.45697,0.0881
74,0.63109,1.38641,0.09054
75,0.63151,1.40301,0.06442
76,0.63193,1.59609,0.08412
77,0.63235,1.45011,0.06575
78,0.63276,1.4433,0.06992
79,0.63318,1.47814,0.07488
80,0.6336,1.41543,0.06519
81,0.63402,1.48211,0.0732
82,0.63444,1.42893,0.08865
83,0.63486,1.38579,0.06841
84,0.63528,1.58457,0.09747
85,0.6357,1.44618,0.06362
86,0.63613,1.37599,0.06267
87,0.63655,1.33832,0.07754
88,0.63697,1.37424,0.07038
89,0.63739,1.4658,0.06251
90,0.63781,1.39821,0.06789
91,0.63823,1.39456,0.06516
92,0.63865,1.27916,0.05226
93,0.63907,1.50113,0.0626
94,0.63949,1.45195,0.07066
95,0.63992,1.37075,0.08445
96,0.64034,1.38584,0.07866
97,0.64076,1.41138,0.07416
98,0.64118,1.40099,0.06123
99,0.6416,1.5545,0.0771
100,0.64203,1.48951,0.07401
101,0.64245,1.47186,0.07132
102,0.64287,1.39628,0.06551
103,0.64329,1.3367,0.06129
104,0.64372,1.34582,0.06121
105,0.64414,1.49167,0.07403
106,0.64456,1.52373,0.06416
107,0.64499,1.4181,0.0738
108,0.64541,1.5571,0.07394
109,0.64583,1.44468,0.06714
110,0.64626,1.42572,0.05673
111,0.64668,1.50393,0.0653
112,0.6471,1.41638,0.07108
113,0.64753,1.46798,0.06793
114,0.64795,1.4339,0.07748
115,0.64838,1.39857,0.05481
116,0.6488,1.33918,0.0558
117,0.64923,1.41615,0.06091
118,0.64965,1.40483,0.06175
119,0.65007,1.44213,0.05432
120,0.6505,1.51574,0.06524
121,0.65092,1.55192,0.07401
122,0.65135,1.48008,0.07662
123,0.65177,1.49722,0.08368
124,0.6522,1.40139,0.06434
125,0.65263,1.55443,0.07195
126,0.65305,1.45245,0.06815
127,0.65348,1.3807,0.05448
128,0.6539,1.42724,0.05637
129,0.65433,1.50591,0.07498
130,0.65475,1.52792,0.06319
131,0.65518,1.39392,0.05943
132,0.65561,1.50251,0.05476
133,0.65603,1.47439,0.0678
134,0.65646,1.59881,0.07032
135,0.65689,1.29999,0.06128
136,0.65731,1.53202,0.06354
137,0.65774,1.51974,0.06088
138,0.65817,1.45943,0.04953
139,0.65859,1.45672,0.05523
140,0.65902,1.48788,0.05634
141,0.65945,1.55021,0.06794
142,0.65988,1.46645,0.05989
143,0.6603,1.48531,0.04703
144,0.66073,1.44774,0.04534
145,0.66116,1.32172,0.04143
146,0.66159,1.45111,0.04381
147,0.66202,1.45272,0.04664
148,0.66244,1.40807,0.04423
149,0.66287,1.42538,0.04493
150,0.6633,1.46184,0.04631
151,0.66373,1.46784,0.04309
152,0.66416,1.41386,0.04327
153,0.66459,1.38067,0.04535
154,0.66502,1.48893,0.04548
155,0.66544,1.48011,0.04293
156,0.66587,1.46935,0.04388
157,0.6663,1.41236,0.04186
158,0.66673,1.46685,0.04413
159,0.66716,1.44103,0.04435
160,0.66759,1.43127,0.04312
161,0.66802,1.44752,0.04156
162,0.66845,1.4623,0.04961
163,0.66888,1.40207,0.04004
164,0.66931,1.3843,0.04066
165,0.66974,1.39918,0.04576
166,0.67017,1.45127,0.04273
167,0.6706,1.45618,0.04042
168,0.67103,1.48134,0.04016
169,0.67146,1.42558,0.0448
170,0.67189,1.45116,0.04322
171,0.67233,1.44438,0.04097
172,0.67276,1.32564,0.04187
173,0.67319,1.48369,0.04054
174,0.67362,1.4227,0.03914
175,0.67405,1.49339,0.04326
176,0.67448,1.43211,0.04148
177,0.67491,1.4549,0.04254
178,0.67535,1.52891,0.04193
179,0.67578,1.51848,0.04302
180,0.67621,1.34947,0.04158
181,0.67664,1.42162,0.03914
182,0.67707,1.46481,0.03922
183,0.67751,1.43201,0.04011
184,0.67794,1.44884,0.04275
185,0.67837,1.43797,0.04201
186,0.6788,1.51815,0.04342
187,0.67924,1.37725,0.04286
188,0.67967,1.48001,0.04194
189,0.6801,1.48212,0.04023
190,0.68054,1.48832,0.04257
191,0.68097,1.46097,0.03952
192,0.6814,1.4351,0.03989
193,0.68184,1.45029,0.03833
194,0.68227,1.45807,0.0432
195,0.6827,1.45599,0.03997
196,0.68314,1.43977,0.03962
197,0.68357,1.46952,0.03626
198,0.68401,1.48388,0.04119
199,0.68444,1.48218,0.04126
200,0.68487,1.36786,0.03996
201,0.68531,1.48616,0.03926
202,0.68574,1.53964,0.04091
203,0.68618,1.48175,0.04139
204,0.68661,1.46265,0.03723
205,0.68705,1.43975,0.04082
206,0.68748,1.5188,0.04332
207,0.68792,1.43019,0.03865
208,0.68835,1.45195,0.04049
209,0.68879,1.46257,0.03352
210,0.68922,1.39031,0.03835
211,0.68966,1.41154,0.03931
212,0.69009,1.45696,0.04075
213,0.69053,1.44215,0.0368
214,0.69097,1.46175,0.03967
215,0.6914,1.50699,0.04069
216,0.69184,1.39119,0.03832
217,0.69227,1.42091,0.03575
218,0.69271,1.46014,0.04101
219,0.69315,1.51758,0.03997
220,0.69358,1.43413,0.03816
221,0.69402,1.4823,0.03826
222,0.69446,1.42139,0.0356
223,0.69489,1.45779,0.03612
224,0.69533,1.47554,0.04072
225,0.69577,1.44516,0.03981
226,0.6962,1.36556,0.04196
227,0.69664,1.45754,0.0381
228,0.69708,1.5165,0.03867
229,0.69752,1.46232,0.03694
230,0.69795,1.44001,0.03566
231,0.69839,1.49684,0.0388
232,0.69883,1.45039,0.03802
233,0.69927,1.43613,0.03606
234,0.69971,1.37285,0.03806
235,0.70014,1.38845,0.03882
236,0.70058,1.38646,0.03655
237,0.70102,1.47841,0.04034
238,0.70146,1.38285,0.03692
239,0.7019,1.43843,0.03693
240,0.70234,1.52123,0.03591
241,0.70277,1.53642,0.03982
242,0.70321,1.45736,0.03853
243,0.70365,1.50433,0.03976
244,0.70409,1.42681,0.03753
245,0.70453,1.47518,0.03817
246,0.70497,1.42367,0.0403
247,0.70541,1.40411,0.03445
248,0.70585,1.43417,0.03684
249,0.70629,1.42182,0.03924
250,0.70673,1.42782,0.03605
251,0.70717,1.45814,0.03585
252,0.70761,1.39571,0.03392
253,0.70805,1.38648,0.03773
254,0.70849,1.40269,0.03932
255,0.70893,1.39888,0.03587
256,0.70937,1.46725,0.03703
257,0.70981,1.52188,0.03684
258,0.71025,1.55037,0.03724
259,0.71069,1.48227,0.03998
260,0.71113,1.42561,0.03898
261,0.71157,1.48114,0.03721
262,0.71201,1.49535,0.03616
263,0.71245,1.42794,0.04058
264,0.7129,1.49848,0.04045
265,0.71334,1.46719,0.03857
266,0.71378,1.41521,0.03793
267,0.71422,1.46368,0.03913
268,0.71466,1.47472,0.03703
269,0.7151,1.45947,0.03618
270,0.71555,1.50684,0.03888
271,0.71599,1.48886,0.03798
272,0.71643,1.55717,0.03682
273,0.71687,1.46003,0.03469
274,0.71731,1.41222,0.03524
275,0.71776,1.43912,0.037
276,0.7182,1.48628,0.04085
277,0.71864,1.49954,0.03548
278,0.71908,1.49827,0.03774
279,0.71953,1.48822,0.0366
280,0.71997,1.41971,0.04047
281,0.72041,1.45773,0.03791
282,0.72086,1.46517,0.03799
283,0.7213,1.51122,0.03682
284,0.72174,1.40824,0.0386
285,0.72219,1.45587,0.0386
286,0.72263,1.50906,0.03866
287,0.72307,1.40714,0.04189
288,0.72352,1.4189,0.03847
289,0.72396,1.4504,0.0364
290,0.7244,1.39908,0.03597
291,0.72485,1.41979,0.03742
292,0.72529,1.45002,0.03783
293,0.72574,1.44529,0.03907
294,0.72618,1.4131,0.0349
295,0.72662,1.41332,0.03672
296,0.72707,1.42882,0.03924
297,0.72751,1.49622,0.03984
298,0.72796,1.44724,0.03609
299,0.7284,1.48295,0.03937
300,0.72885,1.37069,0.03657
301,0.72929,1.40949,0.03837
302,0.72974,1.51137,0.03415
303,0.73018,1.50089,0.04051
304,0.73063,1.51589,0.03741
305,0.73107,1.4339,0.03435
306,0.73152,1.47193,0.03421
307,0.73196,1.40835,0.03537
308,0.73241,1.49387,0.03802
309,0.73286,1.44133,0.03927
310,0.7333,1.45122,0.03585
311,0.73375,1.46499,0.04134
312,0.73419,1.41469,0.03446
313,0.73464,1.48902,0.03758
314,0.73509,1.44074,0.03751
315,0.73553,1.41127,0.03798
316,0.73598,1.46058,0.03863
317,0.73643,1.4649,0.03394
318,0.73687,1.4659,0.03597
319,0.73732,1.42703,0.03777
320,0.73777,1.52411,0.03835
321,0.73821,1.4468,0.03703
322,0.73866,1.43044,0.0385
323,0.73911,1.44052,0.03932
324,0.73955,1.37553,0.04071
325,0.74,1.32159,0.03704
326,0.74045,1.45903,0.03706
327,0.7409,1.4075,0.04053
328,0.74134,1.39763,0.03942
329,0.74179,1.41731,0.03697
330,0.74224,1.38581,0.03588
331,0.74269,1.48306,0.03905
332,0.74314,1.37731,0.03533
333,0.74358,1.45917,0.03658
334,0.74403,1.4082,0.03674
335,0.74448,1.37299,0.03956
336,0.74493,1.45503,0.03905
337,0.74538,1.38117,0.03898
338,0.74582,1.48733,0.04138
339,0.74627,1.47778,0.03793
340,0.74672,1.47877,0.03852
341,0.74717,1.42341,0.03744
342,0.74762,1.45627,0.04187
343,0.74807,1.4528,0.03698
344,0.74852,1.4007,0.04248
345,0.74897,1.44981,0.03937
346,0.74942,1.49332,0.03983
347,0.74987,1.37078,0.03656
348,0.75032,1.46111,0.0376
349,0.75076,1.39687,0.03722
350,0.75121,1.38829,0.0383
351,0.75166,1.40032,0.0379
352,0.75211,1.46274,0.0357
353,0.75256,1.36815,0.04039
354,0.75301,1.40983,0.03945
355,0.75346,1.42108,0.03752
356,0.75391,1.44648,0.03803
357,0.75436,1.45634,0.04038
358,0.75482,1.46203,0.03879
359,0.75527,1.42204,0.03728
360,0.75572,1.38577,0.04071
361,0.75617,1.3991,0.04009
362,0.75662,1.44659,0.03835
363,0.75707,1.49465,0.03664
364,0.75752,1.44932,0.03896
365,0.75797,1.47609,0.03844
366,0.75842,1.4548,0.03866
367,0.75887,1.45321,0.03835
368,0.75932,1.4098,0.03868
369,0.75978,1.46097,0.03719
370,0.76023,1.46266,0.03958
371,0.76068,1.43092,0.03893
372,0.76113,1.37465,0.03641
373,0.76158,1.51399,0.04179
374,0.76203,1.51494,0.04008
375,0.76249,1.44827,0.03771
376,0.76294,1.47908,0.04065
377,0.76339,1.50565,0.03755
378,0.76384,1.50794,0.04126
379,0.76429,1.42452,0.03989
380,0.76475,1.42504,0.03764
381,0.7652,1.47538,0.03232
382,0.76565,1.44006,0.04074
383,0.7661,1.48438,0.04393
384,0.76656,1.52116,0.0446
385,0.76701,1.43928,0.04404
386,0.76746,1.43787,0.03904
387,0.76792,1.45729,0.04057
388,0.76837,1.48122,0.03946
389,0.76882,1.49004,0.04119
390,0.76927,1.38898,0.03749
391,0.76973,1.48755,0.03995
392,0.77018,1.54401,0.04056
393,0.77063,1.47049,0.04253
394,0.77109,1.46934,0.03957
395,0.77154,1.45471,0.04133
396,0.772,1.46631,0.04049
397,0.77245,1.55614,0.04172
398,0.7729,1.51577,0.03927
399,0.77336,1.44848,0.03695
400,0.77381,1.42323,0.03637
401,0.77427,1.41782,0.04139
402,0.77472,1.46602,0.03944
403,0.77517,1.44893,0.03864
404,0.77563,1.60018,0.04147
405,0.77608,1.44337,0.04405
406,0.77654,1.50459,0.04312
407,0.77699,1.46527,0.04153
408,0.77745,1.456,0.04312
409,0.7779,1.39293,0.04239
410,0.77836,1.39302,0.04167
411,0.77881,1.51501,0.04574
412,0.77927,1.40648,0.03962
413,0.77972,1.46362,0.03994
414,0.78018,1.44234,0.04313
415,0.78063,1.33309,0.03808
416,0.78109,1.39516,0.04104
417,0.78154,1.39387,0.03896
418,0.782,1.3418,0.04268
419,0.78246,1.4721,0.04257
420,0.78291,1.30335,0.043
421,0.78337,1.3968,0.04126
422,0.78382,1.34833,0.04428
423,0.78428,1.41145,0.04416
424,0.78473,1.38121,0.04253
425,0.78519,1.36687,0.04268
426,0.78565,1.39333,0.04133
427,0.7861,1.43255,0.04667
428,0.78656,1.48371,0.0432
429,0.78702,1.46524,0.0443
430,0.78747,1.40802,0.04431
431,0.78793,1.32492,0.04168
432,0.78839,1.44807,0.04371
433,0.78884,1.43516,0.04723
434,0.7893,1.47569,0.0408
435,0.78976,1.46189,0.04139
436,0.79021,1.32835,0.04122
437,0.79067,1.4847,0.04676
438,0.79113,1.44445,0.0464
439,0.79159,1.40984,0.04065
440,0.79204,1.47522,0.04029
441,0.7925,1.53658,0.04399
442,0.79296,1.47559,0.04462
443,0.79342,1.5782,0.04261
444,0.79387,1.44218,0.04346
445,0.79433,1.45851,0.04479
446,0.79479,1.43954,0.04586
447,0.79525,1.39879,0.04583
448,0.79571,1.35963,0.04236
449,0.79616,1.44629,0.04569
450,0.79662,1.41062,0.04396
451,0.79708,1.4569,0.04623
452,0.79754,1.48122,0.03944
453,0.798,1.40771,0.04662
454,0.79846,1.42402,0.04298
455,0.79891,1.47703,0.04847
456,0.79937,1.42741,0.04519
457,0.79983,1.38619,0.04601
458,0.80029,1.38948,0.04372
459,0.80075,1.348,0.04877
460,0.80121,1.46693,0.04549
461,0.80167,1.44493,0.0456
462,0.80213,1.48575,0.04157
463,0.80259,1.43114,0.04387
464,0.80304,1.49364,0.04908
465,0.8035,1.44312,0.04353
466,0.80396,1.38891,0.04275
467,0.80442,1.35533,0.04544
468,0.80488,1.34907,0.04287
469,0.80534,1.29652,0.04611
470,0.8058,1.48714,0.04331
471,0.80626,1.37451,0.04558
472,0.80672,1.41652,0.05023
473,0.80718,1.57102,0.04883
474,0.80764,1.37977,0.04805
475,0.8081,1.38162,0.04526
476,0.80856,1.41204,0.04944
477,0.80902,1.4447,0.05079
478,0.80948,1.36628,0.04783
479,0.80994,1.44161,0.04694
480,0.8104,1.53927,0.05386
481,0.81086,1.49461,0.04712
482,0.81132,1.46287,0.05054
483,0.81179,1.53867,0.04791
484,0.81225,1.39292,0.04745
485,0.81271,1.42367,0.05406
486,0.81317,1.50099,0.0517
487,0.81363,1.41665,0.04921
488,0.81409,1.53303,0.04727
489,0.81455,1.40865,0.05117
490,0.81501,1.48808,0.04872
491,0.81547,1.47497,0.05186
492,0.81593,1.42782,0.04603
493,0.8164,1.52872,0.0529
494,0.81686,1.46349,0.04649
495,0.81732,1.39482,0.0502
496,0.81778,1.49581,0.0541
497,0.81824,1.40292,0.05124
498,0.8187,1.40717,0.04515
499,0.81917,1.47757,0.05084
500,0.81963,1.33268,0.04667
501,0.82009,1.48747,0.05246
502,0.82055,1.4628,0.05159
503,0.82101,1.49124,0.0506
504,0.82148,1.51385,0.04715
505,0.82194,1.45701,0.04627
506,0.8224,1.37707,0.04824
507,0.82286,1.33394,0.04935
508,0.82333,1.29119,0.04812
509,0.82379,1.42072,0.04951
510,0.82425,1.44035,0.05042
511,0.82471,1.42415,0.05346
512,0.82518,1.48306,0.05059
513,0.82564,1.48632,0.05044
514,0.8261,1.40807,0.04569
515,0.82657,1.41979,0.05132
516,0.82703,1.41259,0.05167
517,0.82749,1.55917,0.04974
518,0.82796,1.52407,0.05399
519,0.82842,1.39711,0.05014
520,0.82888,1.47357,0.05229
521,0.82935,1.40192,0.05166
522,0.82981,1.53399,0.05146
523,0.83027,1.50023,0.05126
524,0.83074,1.39646,0.05045
525,0.8312,1.46551,0.04712
526,0.83166,1.42824,0.05321
527,0.83213,1.33476,0.05589
528,0.83259,1.42754,0.05119
529,0.83305,1.33695,0.05165
530,0.83352,1.4243,0.05989
531,0.83398,1.45943,0.05511
532,0.83445,1.5465,0.05005
533,0.83491,1.5638,0.05703
534,0.83538,1.3102,0.05253
535,0.83584,1.40967,0.0598
536,0.8363,1.39002,0.05302
537,0.83677,1.45889,0.05315
538,0.83723,1.36643,0.0527
539,0.8377,1.391,0.0584
540,0.83816,1.4152,0.05199
541,0.83863,1.49772,0.05842
542,0.83909,1.62366,0.05746
543,0.83956,1.32479,0.05773
544,0.84002,1.60739,0.05331
545,0.84049,1.50682,0.05611
546,0.84095,1.33495,0.05743
547,0.84142,1.45825,0.05368
548,0.84188,1.41672,0.05055
549,0.84235,1.52389,0.05683
550,0.84281,1.34544,0.05859
551,0.84328,1.52579,0.0623
552,0.84374,1.49908,0.06096
553,0.84421,1.51525,0.06184
554,0.84468,1.46162,0.05797
555,0.84514,1.42074,0.05464
556,0.84561,1.56175,0.06231
557,0.84607,1.45751,0.0592
558,0.84654,1.48143,0.05871
559,0.847,1.44799,0.05311
560,0.84747,1.40481,0.05962
561,0.84794,1.55692,0.05543
562,0.8484,1.20095,0.0591
563,0.84887,1.39566,0.05906
564,0.84934,1.4097,0.05946
565,0.8498,1.35925,0.06417
566,0.85094,1.41571,0.03199
567,0.85183,1.57596,0.03342
568,0.85271,1.45317,0.0336
569,0.85359,1.49454,0.0361
570,0.85448,1.40221,0.0338
571,0.85536,1.38476,0.03099
572,0.85625,1.46159,0.03058
573,0.85713,1.40981,0.03137
574,0.85802,1.40423,0.02993
575,0.8589,1.42445,0.032
576,0.85979,1.40544,0.03221
577,0.86068,1.41135,0.03188
578,0.86156,1.42823,0.03165
579,0.86245,1.37921,0.03247
580,0.86334,1.3062,0.02955
581,0.86422,1.38535,0.03108
582,0.86511,1.43366,0.03131
583,0.866,1.40053,0.03419
584,0.86689,1.41868,0.03319
585,0.86777,1.38843,0.0306
586,0.86866,1.47228,0.0348
587,0.86955,1.40702,0.03159
588,0.87044,1.39128,0.0303
589,0.87133,1.44645,0.02988
590,0.87222,1.42463,0.03233
591,0.87311,1.39267,0.03248
592,0.874,1.42781,0.03185
593,0.87488,1.39851,0.02828
594,0.87577,1.44215,0.03363
595,0.87667,1.40535,0.02987
596,0.87756,1.44367,0.03165
597,0.87845,1.48752,0.02909
598,0.87934,1.4198,0.03142
599,0.88023,1.43607,0.02869
600,0.88112,1.39662,0.03034
601,0.88201,1.46221,0.02994
602,0.8829,1.43246,0.02844
603,0.8838,1.45344,0.0323
604,0.88469,1.42,0.02843
605,0.88558,1.39757,0.02896
606,0.88647,1.47852,0.02914
607,0.88737,1.45417,0.03148
608,0.88826,1.38986,0.02742
609,0.88915,1.43417,0.02888
610,0.89005,1.43181,0.02774
611,0.89094,1.46209,0.03011
612,0.89183,1.44076,0.03017
613,0.89273,1.40966,0.02863
614,0.89362,1.41739,0.02927
615,0.89452,1.41353,0.02817
616,0.89541,1.44389,0.0295
617,0.89631,1.43531,0.03004
618,0.8972,1.46903,0.03083
619,0.8981,1.43781,0.03003
620,0.899,1.4776,0.02845
621,0.89989,1.47109,0.03072
622,0.90079,1.44007,0.02891
623,0.90168,1.44081,0.03316
624,0.90258,1.52979,0.03032
625,0.90348,1.47132,0.02987
626,0.90438,1.39261,0.02945
627,0.90527,1.41911,0.03092
628,0.90617,1.45125,0.02937
629,0.90707,1.47789,0.03189
630,0.90797,1.46951,0.02587
631,0.90886,1.46635,0.02573
632,0.90976,1.44156,0.02876
633,0.91066,1.36758,0.03173
634,0.91156,1.3932,0.02982
635,0.91246,1.45653,0.02852
636,0.91336,1.45218,0.02882
637,0.91426,1.41414,0.0297
638,0.91516,1.43928,0.02823
639,0.91606,1.44717,0.02934
640,0.91696,1.40047,0.02714
641,0.91786,1.39789,0.0293
642,0.91876,1.42875,0.02823
643,0.91966,1.4638,0.03151
644,0.92056,1.44709,0.02886
645,0.92146,1.41426,0.03005
646,0.92236,1.55216,0.02833
647,0.92327,1.39948,0.02594
648,0.92417,1.35249,0.02735
649,0.92507,1.48466,0.02892
650,0.92597,1.38459,0.02673
651,0.92688,1.46643,0.02815
652,0.92778,1.41804,0.02729
653,0.92868,1.42117,0.02815
654,0.92958,1.48091,0.02991
655,0.93049,1.4498,0.02849
656,0.93139,1.4049,0.02811
657,0.9323,1.41859,0.02774
658,0.9332,1.39682,0.02687
659,0.9341,1.46479,0.02931
660,0.93501,1.45464,0.02666
661,0.93591,1.47679,0.03039
662,0.93682,1.45903,0.02803
663,0.93772,1.43428,0.02963
664,0.93863,1.39267,0.02779
665,0.93953,1.42824,0.02908
666,0.94044,1.42434,0.02864
667,0.94134,1.4056,0.0298
668,0.94225,1.44048,0.02904
669,0.94316,1.46571,0.02931
670,0.94406,1.48425,0.02848
671,0.94497,1.43081,0.02767
672,0.94588,1.4667,0.02961
673,0.94678,1.45943,0.02647
674,0.94769,1.43548,0.02597
675,0.9486,1.41402,0.02663
676,0.94951,1.43341,0.02711
677,0.95041,1.43791,0.02611
678,0.95132,1.46148,0.02892
679,0.95223,1.38137,0.02848
680,0.95314,1.43313,0.02786
681,0.95405,1.41854,0.0285
682,0.95496,1.46142,0.02634
683,0.95587,1.40691,0.02534
684,0.95677,1.46672,0.03048
685,0.95768,1.42921,0.02722
686,0.95859,1.43675,0.0266
687,0.9595,1.4634,0.0249
688,0.96041,1.41011,0.02535
689,0.96132,1.4333,0.02725
690,0.96223,1.48056,0.02817
691,0.96315,1.41734,0.02603
692,0.96406,1.42533,0.02592
693,0.96497,1.39103,0.0254
694,0.96588,1.43965,0.02752
695,0.96679,1.44443,0.02722
696,0.9677,1.47545,0.02744
697,0.96861,1.41119,0.02832
698,0.96953,1.46295,0.02795
699,0.97044,1.42419,0.02487
700,0.97135,1.47104,0.02649
701,0.97226,1.46374,0.02677
702,0.97318,1.48781,0.02727
703,0.97409,1.44071,0.02729
704,0.975,1.40694,0.0262
705,0.97591,1.425,0.02607
706,0.97683,1.4225,0.02749
707,0.97774,1.3892,0.02519
708,0.97866,1.43368,0.0285
709,0.97957,1.46033,0.02698
710,0.98048,1.4692,0.02702
711,0.9814,1.3279,0.02356
712,0.98231,1.45432,0.02749
713,0.98323,1.47082,0.02678
714,0.98414,1.33567,0.02649
715,0.98506,1.43016,0.02698
716,0.98597,1.45636,0.02641
717,0.98689,1.40718,0.0269
718,0.98781,1.47758,0.0261
719,0.98872,1.43511,0.02485
720,0.98964,1.42451,0.02359
721,0.99055,1.42471,0.02393
722,0.99147,1.37173,0.02607
723,0.99239,1.44759,0.02579
724,0.9933,1.44227,0.02512
725,0.99422,1.48475,0.0265
726,0.99514,1.45874,0.02764
727,0.99606,1.43484,0.02506
728,0.99697,1.47913,0.02758
729,0.99789,1.4354,0.02333
730,0.99881,1.44887,0.02765
731,0.99973,1.37889,0.0265
732,1.00065,1.41196,0.02404
733,1.00156,1.4009,0.02505
734,1.00248,1.44148,0.02407
735,1.0034,1.43346,0.02577
736,1.00432,1.43199,0.02349
737,1.00524,1.47763,0.02535
738,1.00616,1.44324,0.02664
739,1.00708,1.49325,0.02471
740,1.008,1.42245,0.02537
741,1.00892,1.41971,0.02716
742,1.00984,1.48724,0.02581
743,1.01076,1.47625,0.02573
744,1.01168,1.44404,0.02511
745,1.0126,1.42023,0.02665
746,1.01352,1.48178,0.02507
747,1.01444,1.41143,0.02575
748,1.01536,1.41375,0.02693
749,1.01629,1.40245,0.02382
750,1.01721,1.4542,0.02537
751,1.01813,1.43943,0.02704
752,1.01905,1.40111,0.0258
753,1.01997,1.44046,0.0257
754,1.02089,1.45666,0.0253
755,1.02182,1.40839,0.02595
756,1.02274,1.48362,0.02649
757,1.02366,1.41652,0.02404
758,1.02459,1.43013,0.02318
759,1.02551,1.43941,0.02536
760,1.02643,1.46085,0.02547
761,1.02736,1.4239,0.02236
762,1.02828,1.40332,0.02383
763,1.0292,1.46489,0.02538
764,1.03013,1.45606,0.02383
765,1.03105,1.46952,0.02759
766,1.03198,1.4228,0.02683
767,1.0329,1.45709,0.02524
768,1.03382,1.41164,0.02488
769,1.03475,1.4351,0.02486
770,1.03567,1.41961,0.02353
771,1.0366,1.42304,0.02493
772,1.03752,1.44256,0.02549
773,1.03845,1.40962,0.02435
774,1.03938,1.49577,0.0247
775,1.0403,1.46175,0.02455
776,1.04123,1.39232,0.02458
777,1.04215,1.43908,0.02527
778,1.04308,1.38192,0.02281
779,1.04401,1.4539,0.02483
780,1.04493,1.38551,0.0264
781,1.04586,1.39655,0.0247
782,1.04679,1.4401,0.0247
783,1.04771,1.43876,0.02307
784,1.04864,1.41319,0.02496
785,1.04957,1.42311,0.02381
786,1.0505,1.43218,0.02249
787,1.05142,1.44759,0.02359
788,1.05235,1.41729,0.02512
789,1.05328,1.43427,0.02538
790,1.05421,1.40934,0.02309
791,1.05514,1.4147,0.02267
792,1.05607,1.41972,0.02434
793,1.05699,1.42499,0.02397
794,1.05792,1.44458,0.0228
795,1.05885,1.3686,0.02385
796,1.05978,1.44654,0.0237
797,1.06071,1.40459,0.02491
798,1.06164,1.4195,0.02503
799,1.06257,1.42796,0.02288
800,1.0635,1.42963,0.02226
801,1.06443,1.39759,0.02241
802,1.06536,1.42988,0.02346
803,1.06629,1.38876,0.0233
804,1.06722,1.50642,0.02301
805,1.06815,1.4469,0.02314
806,1.06908,1.42294,0.02618
807,1.07001,1.44803,0.02442
808,1.07095,1.39724,0.02444
809,1.07188,1.3787,0.02475
810,1.07281,1.4384,0.02496
811,1.07374,1.48075,0.024
812,1.07467,1.42441,0.0241
813,1.0756,1.40912,0.0254
814,1.07654,1.39912,0.02166
815,1.07747,1.4206,0.02493
816,1.0784,1.44207,0.02339
817,1.07933,1.43773,0.0226
818,1.08027,1.4342,0.02218
819,1.0812,1.48772,0.02659
820,1.08213,1.42225,0.02318
821,1.08306,1.44269,0.02174
822,1.084,1.38216,0.02065
823,1.08493,1.41119,0.02476
824,1.08587,1.44325,0.02383
825,1.0868,1.48283,0.02412
826,1.08773,1.41146,0.02332
827,1.08867,1.38486,0.02304
828,1.0896,1.44414,0.02373
829,1.09054,1.46207,0.02496
830,1.09147,1.42514,0.02207
831,1.0924,1.48499,0.02239
832,1.09334,1.41256,0.02236
833,1.09427,1.43617,0.0219
834,1.09521,1.43425,0.02483
835,1.09614,1.42899,0.02216
836,1.09708,1.48704,0.02484
837,1.09802,1.38552,0.02304
838,1.09895,1.47409,0.02377
839,1.09989,1.40858,0.02401
840,1.10082,1.4444,0.02388
841,1.10176,1.44456,0.02457
842,1.1027,1.48259,0.02532
843,1.10363,1.39221,0.02381
844,1.10457,1.46771,0.0245
845,1.10551,1.4203,0.0223
846,1.10644,1.42281,0.02308
847,1.10738,1.3981,0.02161
848,1.10832,1.48245,0.02391
849,1.10925,1.41593,0.02315
850,1.11019,1.43834,0.02444
851,1.11113,1.45005,0.02277
852,1.11207,1.49908,0.02527
853,1.113,1.43617,0.02332
854,1.11394,1.46049,0.02463
855,1.11488,1.41335,0.02185
856,1.11582,1.47212,0.02482
857,1.11676,1.47194,0.0217
858,1.1177,1.40054,0.02321
859,1.11864,1.46035,0.02341
860,1.11957,1.43792,0.02487
861,1.12051,1.42907,0.02368
862,1.12145,1.42805,0.02243
863,1.12239,1.43337,0.02353
864,1.12333,1.49121,0.02335
865,1.12427,1.48024,0.02416
866,1.12521,1.4205,0.02267
867,1.12615,1.42154,0.0226
868,1.12709,1.4389,0.02355
869,1.12803,1.47563,0.02229
870,1.12897,1.40771,0.02142
871,1.12991,1.39257,0.02269
872,1.13085,1.42757,0.02408
873,1.13179,1.45772,0.02384
874,1.13273,1.46564,0.02188
875,1.13367,1.42829,0.02196
876,1.13461,1.44519,0.02491
877,1.13556,1.41838,0.02269
878,1.1365,1.4406,0.0226
879,1.13744,1.4365,0.02352
880,1.13838,1.45051,0.02045
881,1.13932,1.44236,0.02493
882,1.14026,1.44402,0.02423
883,1.14121,1.40196,0.01957
884,1.14215,1.40005,0.02267
885,1.14309,1.50796,0.0215
886,1.14403,1.43107,0.02322
887,1.14498,1.44093,0.02231
888,1.14592,1.4276,0.02364
889,1.14686,1.43066,0.02243
890,1.1478,1.44356,0.0229
891,1.14875,1.39416,0.02217
892,1.14969,1.45918,0.0234
893,1.15063,1.44054,0.02279
894,1.15158,1.42294,0.02231
895,1.15252,1.43172,0.02167
896,1.15346,1.49197,0.0233
897,1.15441,1.45191,0.02497
898,1.15535,1.46395,0.02488
899,1.1563,1.40249,0.02304
900,1.15724,1.41883,0.02332
901,1.15819,1.40051,0.02311
902,1.15913,1.46904,0.02263
903,1.16007,1.41221,0.02392
904,1.16102,1.43063,0.02375
905,1.16196,1.39151,0.02307
906,1.16291,1.44086,0.02217
907,1.16385,1.43611,0.02368
908,1.1648,1.45002,0.02276
909,1.16575,1.49709,0.02295
910,1.16669,1.42875,0.02406
911,1.16764,1.4176,0.02303
912,1.16858,1.39872,0.02253
913,1.16953,1.42592,0.02417
914,1.17047,1.39441,0.02225
915,1.17142,1.42004,0.02479
916,1.17237,1.42183,0.02445
917,1.17331,1.38583,0.02282
918,1.17426,1.36223,0.0216
919,1.17521,1.41701,0.02354
920,1.17615,1.38685,0.02451
921,1.1771,1.39347,0.02295
922,1.17805,1.40225,0.02115
923,1.17899,1.3925,0.02347
924,1.17994,1.40198,0.02143
925,1.18089,1.42179,0.02443
926,1.18184,1.4035,0.02296
927,1.18278,1.42821,0.02094
928,1.18373,1.43331,0.022
929,1.18468,1.3878,0.02262
930,1.18563,1.34992,0.0252
931,1.18658,1.45679,0.02213
932,1.18752,1.46213,0.02474
933,1.18847,1.36435,0.02138
934,1.18942,1.42016,0.02304
935,1.19037,1.40231,0.02382
936,1.19132,1.43475,0.02311
937,1.19227,1.43299,0.02426
938,1.19322,1.43275,0.02376
939,1.19416,1.35264,0.02209
940,1.19511,1.39153,0.02147
941,1.19606,1.41399,0.02353
942,1.19701,1.45457,0.02249
943,1.19796,1.40637,0.02442
944,1.19891,1.43911,0.02352
945,1.19986,1.46528,0.0225
946,1.20081,1.42988,0.0217
947,1.20176,1.40471,0.02133
948,1.20271,1.43038,0.02476
949,1.20366,1.40543,0.02272
950,1.20461,1.43447,0.02558
951,1.20556,1.43203,0.02368
952,1.20651,1.41574,0.02471
953,1.20746,1.43157,0.02279
954,1.20841,1.40971,0.02264
955,1.20937,1.44516,0.02332
956,1.21032,1.39878,0.0235
957,1.21127,1.39987,0.02326
958,1.21222,1.41609,0.02461
959,1.21317,1.42766,0.02365
960,1.21412,1.40202,0.02101
961,1.21507,1.36687,0.02087
962,1.21603,1.41002,0.02203
963,1.21698,1.46246,0.02369
964,1.21793,1.38491,0.02256
965,1.21888,1.41197,0.02235
966,1.21983,1.4762,0.02224
967,1.22079,1.44016,0.02467
968,1.22174,1.45078,0.02416
969,1.22269,1.37459,0.02238
970,1.22364,1.42995,0.02356
971,1.2246,1.4303,0.0238
972,1.22555,1.41141,0.0228
973,1.2265,1.47483,0.02417
974,1.22745,1.48218,0.0233
975,1.22841,1.38949,0.02482
976,1.22936,1.3998,0.02211
977,1.23031,1.43157,0.02441
978,1.23127,1.43462,0.02084
979,1.23222,1.36193,0.02364
980,1.23318,1.38503,0.02191
981,1.23413,1.44435,0.02556
982,1.23508,1.47301,0.02326
983,1.23604,1.4104,0.02283
984,1.23699,1.45997,0.02192
985,1.23795,1.39803,0.02079
986,1.2389,1.47928,0.02526
987,1.23985,1.43509,0.02293
988,1.24081,1.44687,0.02307
989,1.24176,1.43476,0.02298
990,1.24272,1.42424,0.02299
991,1.24367,1.46699,0.023
992,1.24463,1.41895,0.02196
993,1.24558,1.4979,0.02523
994,1.24654,1.43642,0.02402
995,1.24749,1.45022,0.02419
996,1.24845,1.45716,0.02377
997,1.2494,1.43934,0.02357
998,1.25036,1.38263,0.0238
999,1.25132,1.41576,0.024
1000,1.25227,1.42241,0.02549
1001,1.25323,1.42889,0.02284
1002,1.25418,1.38907,0.02314
1003,1.25514,1.39965,0.02156
1004,1.2561,1.42011,0.02378
1005,1.25705,1.44053,0.0233
1006,1.25801,1.39136,0.02265
1007,1.25896,1.40011,0.02338
1008,1.25992,1.42765,0.02391
1009,1.26088,1.40161,0.02436
1010,1.26183,1.4222,0.02481
1011,1.26279,1.38422,0.02254
1012,1.26375,1.44696,0.02344
1013,1.26471,1.42691,0.02299
1014,1.26566,1.39173,0.02306
1015,1.26662,1.4054,0.02222
1016,1.26758,1.41006,0.02255
1017,1.26854,1.41756,0.02484
1018,1.26949,1.41562,0.02278
1019,1.27045,1.41096,0.02272
1020,1.27141,1.40717,0.02218
1021,1.27237,1.42615,0.02004
1022,1.27332,1.40284,0.0229
1023,1.27428,1.39958,0.02444
1024,1.27524,1.3932,0.02082
1025,1.2762,1.46171,0.02408
1026,1.27716,1.43938,0.02355
1027,1.27812,1.38848,0.02419
1028,1.27907,1.42691,0.02527
1029,1.28003,1.46079,0.02343
1030,1.28099,1.41661,0.02376
1031,1.28195,1.41366,0.0216
1032,1.28291,1.40582,0.02348
1033,1.28387,1.42872,0.02343
1034,1.28483,1.40501,0.02403
1035,1.28579,1.46005,0.02424
1036,1.28675,1.42423,0.02354
1037,1.2877,1.38429,0.02275
1038,1.28866,1.46709,0.02306
1039,1.28962,1.39123,0.02247
1040,1.29058,1.41462,0.02538
1041,1.29154,1.42273,0.02393
1042,1.2925,1.41571,0.02244
1043,1.29346,1.42451,0.02328
1044,1.29442,1.43591,0.02175
1045,1.29538,1.43606,0.02229
1046,1.29634,1.39886,0.02323
1047,1.2973,1.43064,0.02136
1048,1.29826,1.40183,0.02597
1049,1.29922,1.39499,0.02465
1050,1.30019,1.40593,0.02309
1051,1.30115,1.37044,0.02399
1052,1.30211,1.41115,0.02248
1053,1.30307,1.40976,0.02436
1054,1.30403,1.38904,0.02278
1055,1.30499,1.42927,0.02226
1056,1.30595,1.41425,0.02281
1057,1.30691,1.46738,0.02548
1058,1.30787,1.45637,0.02392
1059,1.30883,1.45327,0.0252
1060,1.3098,1.44917,0.02361
1061,1.31076,1.39795,0.02496
1062,1.31172,1.47573,0.0233
1063,1.31268,1.42502,0.02581
1064,1.31364,1.41025,0.02261
1065,1.3146,1.41556,0.02433
1066,1.31557,1.43737,0.02506
1067,1.31653,1.3885,0.02205
1068,1.31749,1.36748,0.02303
1069,1.31845,1.39816,0.01995
1070,1.31942,1.38247,0.02424
1071,1.32038,1.42086,0.02542
1072,1.32134,1.38079,0.02246
1073,1.3223,1.42125,0.02305
1074,1.32327,1.43235,0.02401
1075,1.32423,1.38507,0.02391
1076,1.32519,1.42341,0.02295
1077,1.32615,1.42155,0.02435
1078,1.32712,1.39455,0.02334
1079,1.32808,1.42,0.0259
1080,1.32904,1.46557,0.02644
1081,1.33001,1.4186,0.02235
1082,1.33097,1.46781,0.02437
1083,1.33193,1.40455,0.02338
1084,1.3329,1.44068,0.02241
1085,1.33386,1.47976,0.02345
1086,1.33482,1.43205,0.02497
1087,1.33579,1.44318,0.02499
1088,1.33675,1.48588,0.02353
1089,1.33772,1.42814,0.02557
1090,1.33868,1.41288,0.02305
1091,1.33964,1.42384,0.02543
1092,1.34061,1.43266,0.0233
1093,1.34157,1.47165,0.02299
1094,1.34254,1.51924,0.02427
1095,1.3435,1.42542,0.02454
1096,1.34446,1.43954,0.02507
1097,1.34543,1.39145,0.0241
1098,1.34639,1.44812,0.02614
1099,1.34736,1.49798,0.02531
1100,1.34832,1.4951,0.02539
1101,1.34929,1.47829,0.02383
1102,1.35025,1.45338,0.02592
1103,1.35122,1.49833,0.02467
1104,1.35218,1.46094,0.02556
1105,1.35315,1.50344,0.02457
1106,1.35411,1.47056,0.02466
1107,1.35508,1.49288,0.02393
1108,1.35604,1.50671,0.02591
1109,1.35701,1.44941,0.0239
1110,1.35798,1.4653,0.02458
1111,1.35894,1.43268,0.02388
1112,1.35991,1.50565,0.02583
1113,1.36087,1.45874,0.02521
1114,1.36184,1.41945,0.02512
1115,1.3628,1.46747,0.02298
1116,1.36377,1.529,0.02562
1117,1.36474,1.47503,0.0251
1118,1.3657,1.49275,0.02352
1119,1.36667,1.45736,0.02531
1120,1.36764,1.47654,0.02536
1121,1.3686,1.44978,0.02546
1122,1.36957,1.49251,0.02485
1123,1.37053,1.41718,0.02469
1124,1.3715,1.44395,0.02491
1125,1.37247,1.46784,0.02382
1126,1.37343,1.43087,0.02603
1127,1.3744,1.44529,0.02277
1128,1.37537,1.50196,0.02552
1129,1.37634,1.50523,0.02582
1130,1.3773,1.47131,0.02398
1131,1.37827,1.4475,0.02464
1132,1.37924,1.49235,0.02579
1133,1.3802,1.4393,0.02425
1134,1.38117,1.41888,0.02551
1135,1.38214,1.51727,0.02548
1136,1.38311,1.42817,0.02504
1137,1.38407,1.46248,0.02405
1138,1.38504,1.4848,0.02552
1139,1.38601,1.50051,0.02302
1140,1.38698,1.49679,0.02331
1141,1.38794,1.49926,0.02567
1142,1.38891,1.43443,0.02562
1143,1.38988,1.43994,0.02553
1144,1.39085,1.51405,0.02439
1145,1.39182,1.4048,0.02616
1146,1.39278,1.45723,0.0248
1147,1.39375,1.44572,0.02381
1148,1.39472,1.39478,0.02504
1149,1.39569,1.50562,0.02703
1150,1.39666,1.43857,0.02507
1151,1.39763,1.4818,0.02594
1152,1.39859,1.47335,0.02534
1153,1.39956,1.42325,0.02453
1154,1.40053,1.43712,0.02544
1155,1.4015,1.47596,0.02657
1156,1.40247,1.46415,0.02349
1157,1.40344,1.51653,0.02603
1158,1.40441,1.44886,0.02793
1159,1.40538,1.40875,0.02596
1160,1.40635,1.51386,0.02575
1161,1.40731,1.45765,0.02666
1162,1.40828,1.40035,0.02554
1163,1.40925,1.49891,0.0266
1164,1.41022,1.44025,0.02727
1165,1.41119,1.48671,0.02645
1166,1.41216,1.46203,0.02544
1167,1.41313,1.48044,0.02614
1168,1.4141,1.47793,0.02509
1169,1.41507,1.43357,0.02293
1170,1.41604,1.47667,0.02577
1171,1.41701,1.47782,0.02425
1172,1.41798,1.47524,0.02582
1173,1.41895,1.51762,0.02396
1174,1.41992,1.39008,0.02448
1175,1.42089,1.45239,0.02605
1176,1.42186,1.47398,0.02515
1177,1.42283,1.52448,0.02617
1178,1.4238,1.46823,0.02666
1179,1.42477,1.49468,0.02796
1180,1.42574,1.47113,0.0264
1181,1.42671,1.46011,0.02594
1182,1.42768,1.42684,0.02669
1183,1.42865,1.44692,0.02535
1184,1.42962,1.44417,0.02901
1185,1.43059,1.45679,0.02649
1186,1.43156,1.44576,0.02682
1187,1.43254,1.48042,0.0234
1188,1.43351,1.50189,0.02474
1189,1.43448,1.44796,0.02596
1190,1.43545,1.41433,0.02789
1191,1.43642,1.44453,0.02865
1192,1.43739,1.47729,0.02558
1193,1.43836,1.44895,0.02514
1194,1.43933,1.44239,0.02752
1195,1.4403,1.46711,0.028
1196,1.44128,1.41963,0.02465
1197,1.44225,1.45992,0.02634
1198,1.44322,1.46809,0.02615
1199,1.44419,1.52832,0.02773
1200,1.44516,1.45548,0.02784
1201,1.44613,1.4099,0.02653
1202,1.4471,1.39693,0.02637
1203,1.44808,1.46686,0.02804
1204,1.44905,1.3939,0.02618
1205,1.45002,1.45889,0.02957
1206,1.45099,1.41745,0.02586
1207,1.45196,1.44446,0.0235
1208,1.45294,1.42764,0.02644
1209,1.45391,1.42562,0.02849
1210,1.45488,1.4533,0.02764
1211,1.45585,1.43505,0.02583
1212,1.45682,1.41335,0.02602
1213,1.4578,1.47799,0.02331
1214,1.45877,1.38723,0.02521
1215,1.45974,1.49692,0.02564
1216,1.46071,1.44152,0.02728
1217,1.46169,1.44312,0.02554
1218,1.46266,1.40345,0.02898
1219,1.46363,1.42828,0.02847
1220,1.4646,1.46077,0.02751
1221,1.46558,1.40304,0.02501
1222,1.46655,1.42485,0.02655
1223,1.46752,1.40729,0.0251
1224,1.4685,1.48469,0.02454
1225,1.46947,1.43933,0.0259
1226,1.47044,1.43882,0.02531
1227,1.47141,1.48943,0.02817
1228,1.47239,1.4574,0.02654
1229,1.47336,1.39685,0.02731
1230,1.47433,1.38595,0.0276
1231,1.47531,1.49166,0.02586
1232,1.47628,1.37961,0.02516
1233,1.47725,1.46469,0.02945
1234,1.47823,1.46726,0.02649
1235,1.4792,1.47402,0.02591
1236,1.48017,1.42377,0.02487
1237,1.48115,1.38297,0.02888
1238,1.48212,1.50734,0.0277
1239,1.4831,1.39386,0.02542
1240,1.48407,1.46298,0.02976
1241,1.48504,1.42531,0.02789
1242,1.48602,1.4013,0.02932
1243,1.48699,1.49468,0.02895
1244,1.48796,1.46362,0.02894
1245,1.48894,1.4729,0.02749
1246,1.48991,1.45724,0.02906
1247,1.49089,1.50807,0.02663
1248,1.49186,1.46363,0.02594
1249,1.49283,1.43097,0.0256
1250,1.49381,1.50632,0.03103
1251,1.49478,1.43239,0.02568
1252,1.49576,1.46365,0.02546
1253,1.49673,1.46024,0.02807
1254,1.49771,1.46312,0.02734
1255,1.49868,1.40339,0.02742
1256,1.49966,1.4089,0.02855
1257,1.50063,1.46712,0.02734
1258,1.5016,1.42366,0.027
1259,1.50258,1.41024,0.02908
1260,1.50355,1.47465,0.03045
1261,1.50453,1.42835,0.0297
1262,1.5055,1.47147,0.02977
1263,1.50648,1.47636,0.02933
1264,1.50745,1.43037,0.03001
1265,1.50843,1.45737,0.03004
1266,1.5094,1.45931,0.02671
1267,1.51038,1.4147,0.02695
1268,1.51135,1.42269,0.02709
1269,1.51233,1.41535,0.02737
1270,1.5133,1.48018,0.02839
1271,1.51428,1.46063,0.02592
1272,1.51525,1.41681,0.02908
1273,1.51623,1.45899,0.02806
1274,1.5172,1.36923,0.02787
1275,1.51818,1.42969,0.0252
1276,1.51916,1.45025,0.027
1277,1.52013,1.51299,0.02903
1278,1.52111,1.4577,0.02856
1279,1.52208,1.38657,0.02801
1280,1.52306,1.40139,0.0279
1281,1.52403,1.4111,0.02841
1282,1.52501,1.46959,0.02849
1283,1.52598,1.40063,0.0242
1284,1.52696,1.4706,0.03017
1285,1.52794,1.45612,0.02976
1286,1.52891,1.48528,0.03076
1287,1.52989,1.43934,0.02631
1288,1.53086,1.43675,0.02523
1289,1.53184,1.41128,0.02771
1290,1.53282,1.37968,0.02874
1291,1.53379,1.54077,0.0308
1292,1.53477,1.44342,0.03058
1293,1.53574,1.44222,0.02943
1294,1.53672,1.41745,0.02763
1295,1.5377,1.42808,0.02789
1296,1.53867,1.38797,0.03035
1297,1.53965,1.40226,0.02718
1298,1.54063,1.37825,0.0278
1299,1.5416,1.43479,0.02629
1300,1.54258,1.40781,0.02318
1301,1.54355,1.39375,0.02753
1302,1.54453,1.42072,0.0292
1303,1.54551,1.42436,0.02826
1304,1.54648,1.38565,0.02759
1305,1.54746,1.45251,0.02999
1306,1.54844,1.49354,0.02955
1307,1.54941,1.46763,0.03162
1308,1.55039,1.43782,0.02947
1309,1.55137,1.47425,0.03091
1310,1.55234,1.37886,0.02823
1311,1.55332,1.3852,0.02826
1312,1.5543,1.39716,0.02979
1313,1.55528,1.37129,0.03039
1314,1.55625,1.41862,0.02859
1315,1.55723,1.51233,0.0288
1316,1.55821,1.48526,0.03036
1317,1.55918,1.436,0.03018
1318,1.56016,1.4625,0.0306
1319,1.56114,1.40816,0.02722
1320,1.56212,1.37317,0.03143
1321,1.56309,1.40929,0.02925
1322,1.56407,1.39004,0.02886
1323,1.56505,1.41921,0.02808
1324,1.56602,1.40222,0.02743
1325,1.567,1.47037,0.02778
1326,1.56798,1.41938,0.02874
1327,1.56896,1.39905,0.02838
1328,1.56993,1.38608,0.02921
1329,1.57091,1.42384,0.0292
1330,1.57189,1.40059,0.02907
1331,1.57287,1.4408,0.03079
1332,1.57384,1.40787,0.02919
1333,1.57482,1.44914,0.0292
1334,1.5758,1.37242,0.03167
1335,1.57678,1.36138,0.03023
1336,1.57776,1.48863,0.029
1337,1.57873,1.40161,0.02868
1338,1.57971,1.4537,0.03069
1339,1.58069,1.47641,0.02984
1340,1.58167,1.3866,0.02925
1341,1.58265,1.421,0.02855
1342,1.58362,1.44954,0.0328
1343,1.5846,1.4408,0.02885
1344,1.58558,1.39519,0.02841
1345,1.58656,1.42452,0.02703
1346,1.58754,1.37325,0.02908
1347,1.58851,1.39859,0.03206
1348,1.58949,1.40796,0.03139
1349,1.59047,1.40871,0.03071
1350,1.59145,1.37144,0.02771
1351,1.59243,1.44244,0.0295
1352,1.59341,1.45958,0.02646
1353,1.59438,1.43087,0.03046
1354,1.59536,1.40586,0.03297
1355,1.59634,1.40521,0.03158
1356,1.59732,1.39088,0.03081
1357,1.5983,1.38877,0.03004
1358,1.59928,1.4593,0.0265
1359,1.60025,1.44239,0.03101
1360,1.60123,1.37078,0.03239
1361,1.60221,1.43399,0.02681
1362,1.60319,1.48065,0.02664
1363,1.60417,1.48734,0.02838
1364,1.60515,1.46088,0.02963
1365,1.60613,1.38822,0.02866
1366,1.60711,1.38703,0.03169
1367,1.60808,1.41128,0.02881
1368,1.60906,1.48645,0.02995
1369,1.61004,1.49513,0.03031
1370,1.61102,1.37129,0.03
1371,1.612,1.42401,0.03013
1372,1.61298,1.43777,0.02797
1373,1.61396,1.46425,0.03008
1374,1.61494,1.46716,0.03175
1375,1.61592,1.38406,0.03006
1376,1.61689,1.42143,0.03204
1377,1.61787,1.41606,0.03191
1378,1.61885,1.48428,0.03105
1379,1.61983,1.53182,0.03098
1380,1.62081,1.42469,0.03109
1381,1.62179,1.40046,0.03135
1382,1.62277,1.39856,0.02913
1383,1.62375,1.42519,0.03145
1384,1.62473,1.46102,0.03041
1385,1.62571,1.3427,0.03323
1386,1.62669,1.39844,0.03229
1387,1.62767,1.46556,0.03327
1388,1.62865,1.36867,0.03029
1389,1.62963,1.41446,0.03246
1390,1.63061,1.4344,0.03027
1391,1.63158,1.39956,0.0324
1392,1.63256,1.41045,0.0308
1393,1.63354,1.40088,0.03313
1394,1.63452,1.38354,0.02863
1395,1.6355,1.35612,0.03075
1396,1.63648,1.40802,0.03148
1397,1.63746,1.37775,0.03191
1398,1.63844,1.42785,0.03105
1399,1.63942,1.43776,0.03165
1400,1.6404,1.39883,0.03264
1401,1.64138,1.45094,0.03071
1402,1.64236,1.42109,0.03084
1403,1.64334,1.41358,0.03201
1404,1.64432,1.48063,0.03332
1405,1.6453,1.4086,0.03315
1406,1.64628,1.40815,0.0339
1407,1.64726,1.39987,0.03381
1408,1.64824,1.42767,0.03298
1409,1.64922,1.33946,0.0333
1410,1.6502,1.42805,0.03152
1411,1.65118,1.39528,0.03085
1412,1.65216,1.48937,0.03494
1413,1.65314,1.38679,0.03366
1414,1.65412,1.35015,0.03323
1415,1.6551,1.39024,0.03409
1416,1.65608,1.43429,0.03156
1417,1.65706,1.42714,0.03311
1418,1.65804,1.43426,0.0294
1419,1.65902,1.32141,0.0321
1420,1.66,1.39108,0.03144
1421,1.66098,1.40647,0.03177
1422,1.66196,1.42082,0.03304
1423,1.66294,1.40597,0.02857
1424,1.66392,1.44883,0.03207
1425,1.6649,1.43402,0.03184
1426,1.66588,1.42681,0.03335
1427,1.66686,1.36937,0.029
1428,1.66784,1.37804,0.03083
1429,1.66882,1.41345,0.03178
1430,1.66981,1.38509,0.03086
1431,1.67079,1.42295,0.03411
1432,1.67177,1.40343,0.03466
1433,1.67275,1.3965,0.03165
1434,1.67373,1.32809,0.03264
1435,1.67471,1.4266,0.03258
1436,1.67569,1.35048,0.03402
1437,1.67667,1.45269,0.03359
1438,1.67765,1.4094,0.03657
1439,1.67863,1.4927,0.03647
1440,1.67961,1.32738,0.03182
1441,1.68059,1.4267,0.03413
1442,1.68157,1.3878,0.03216
1443,1.68255,1.4286,0.03168
1444,1.68353,1.39566,0.0308
1445,1.68451,1.39422,0.03304
1446,1.6855,1.40284,0.03068
1447,1.68648,1.43579,0.03353
1448,1.68746,1.4566,0.02999
1449,1.68844,1.34849,0.03055
1450,1.68942,1.42408,0.03498
1451,1.6904,1.3961,0.0321
1452,1.69138,1.45736,0.0334
1453,1.69236,1.40352,0.03258
1454,1.69334,1.4207,0.03532
1455,1.69432,1.34343,0.03294
1456,1.69531,1.32363,0.03333
1457,1.69629,1.41817,0.03285
1458,1.69727,1.39714,0.03472
1459,1.69825,1.45036,0.03479
1460,1.69923,1.40153,0.02944
1461,1.70021,1.39446,0.03479
1462,1.70119,1.42061,0.03474
1463,1.70217,1.44377,0.03327
1464,1.70315,1.37635,0.0338
1465,1.70414,1.42671,0.03305
1466,1.70512,1.3852,0.03335
1467,1.7061,1.39441,0.03288
1468,1.70708,1.35008,0.03283
1469,1.70806,1.4374,0.03296
1470,1.70904,1.43186,0.03572
1471,1.71002,1.44723,0.03679
1472,1.711,1.3578,0.03618
1473,1.71199,1.43175,0.03519
1474,1.71297,1.4045,0.03294
1475,1.71395,1.46327,0.03107
1476,1.71493,1.44971,0.03483
1477,1.71591,1.4478,0.03424
1478,1.71689,1.35058,0.03365
1479,1.71787,1.4798,0.03247
1480,1.71886,1.45983,0.0349
1481,1.71984,1.41033,0.0347
1482,1.72082,1.41214,0.033
1483,1.7218,1.45395,0.03483
1484,1.72278,1.43443,0.03395
1485,1.72376,1.37862,0.0358
1486,1.72474,1.4441,0.03569
1487,1.72573,1.40661,0.03679
1488,1.72671,1.49626,0.03606
1489,1.72769,1.48174,0.03475
1490,1.72867,1.40113,0.03912
1491,1.72965,1.41894,0.0355
1492,1.73063,1.42592,0.0344
1493,1.73162,1.46518,0.03127
1494,1.7326,1.4869,0.03581
1495,1.73358,1.43355,0.03739
1496,1.73456,1.42453,0.03591
1497,1.73554,1.41593,0.03757
1498,1.73652,1.49876,0.04025
1499,1.73751,1.45007,0.03576
1500,1.73849,1.41812,0.03769
1501,1.73947,1.50567,0.03609
1502,1.74045,1.40151,0.03617
1503,1.74143,1.35625,0.03377
1504,1.74242,1.54706,0.03401
1505,1.7434,1.45629,0.03552
1506,1.74438,1.4286,0.035
1507,1.74536,1.35055,0.03677
1508,1.74634,1.34315,0.03627
1509,1.74732,1.44844,0.03602
1510,1.74831,1.47825,0.03525
1511,1.74929,1.40257,0.03669
1512,1.75027,1.40982,0.03594
1513,1.75125,1.41027,0.03385
1514,1.75223,1.42582,0.03578
1515,1.75322,1.48909,0.03602
1516,1.7542,1.43641,0.03446
1517,1.75518,1.41124,0.03654
1518,1.75616,1.41879,0.03673
1519,1.75714,1.39479,0.03767
1520,1.75813,1.46641,0.03323
1521,1.75911,1.3493,0.03858
1522,1.76009,1.42943,0.03741
1523,1.76107,1.42211,0.03628
1524,1.76205,1.32543,0.03775
1525,1.76304,1.39485,0.03713
1526,1.76402,1.40075,0.03774
1527,1.765,1.47921,0.03833
1528,1.76598,1.35712,0.04048
1529,1.76697,1.43206,0.0362
1530,1.76795,1.41355,0.0397
1531,1.76893,1.48987,0.03953
1532,1.76991,1.41944,0.04045
1533,1.77089,1.41024,0.03845
1534,1.77188,1.42053,0.03855
1535,1.77286,1.49376,0.0399
1536,1.77384,1.37251,0.03783
1537,1.77482,1.43635,0.0365
1538,1.77581,1.42487,0.03723
1539,1.77679,1.50304,0.03874
1540,1.77777,1.50201,0.03947
1541,1.77875,1.39227,0.03352
1542,1.77973,1.45124,0.03944
1543,1.78072,1.41358,0.0368
1544,1.7817,1.46152,0.03898
1545,1.78268,1.43681,0.03802
1546,1.78366,1.35105,0.03616
1547,1.78465,1.37691,0.03589
1548,1.78563,1.55348,0.04046
1549,1.78661,1.4292,0.03705
1550,1.78759,1.37523,0.03709
1551,1.78858,1.47031,0.03604
1552,1.78956,1.51191,0.03732
1553,1.79054,1.40363,0.0334
1554,1.79152,1.50528,0.0377
1555,1.79251,1.32764,0.03888
1556,1.79349,1.37593,0.03778
1557,1.79447,1.48238,0.03755
1558,1.79545,1.44937,0.0391
1559,1.79644,1.43344,0.04231
1560,1.79742,1.48724,0.03996
1561,1.7984,1.40981,0.03945
1562,1.79938,1.48148,0.04198
1563,1.80037,1.40292,0.03469
1564,1.80135,1.46054,0.04008
1565,1.80233,1.46595,0.03675
1566,1.80331,1.46032,0.03668
1567,1.8043,1.4282,0.03896
1568,1.80528,1.40966,0.04101
1569,1.80626,1.41175,0.04265
1570,1.80724,1.37518,0.03929
1571,1.80823,1.47085,0.03368
1572,1.80921,1.39948,0.03779
1573,1.81019,1.43767,0.03919
1574,1.81117,1.42847,0.0393
1575,1.81216,1.34503,0.03407
1576,1.81314,1.5179,0.04003
1577,1.81412,1.41986,0.03775
1578,1.81511,1.32071,0.03927
1579,1.81609,1.40469,0.04082
1580,1.81707,1.51606,0.03896
1581,1.81805,1.48682,0.03955
1582,1.81904,1.47508,0.03842
1583,1.82002,1.48203,0.03808
1584,1.821,1.46807,0.03771
1585,1.82198,1.37965,0.04155
1586,1.82297,1.43181,0.04
1587,1.82395,1.56619,0.04088
1588,1.82493,1.46915,0.04016
1589,1.82592,1.48524,0.0386
1590,1.8269,1.36887,0.04087
1591,1.82788,1.40941,0.04409
1592,1.82886,1.56462,0.04364
1593,1.82985,1.46167,0.0385
1594,1.83083,1.43606,0.0383
1595,1.83181,1.52704,0.04045
1596,1.8328,1.50118,0.03871
1597,1.83378,1.50528,0.041
1598,1.83476,1.50828,0.03866
1599,1.83574,1.44796,0.04028
1600,1.83673,1.47251,0.03891
1601,1.83771,1.42881,0.04189
1602,1.83869,1.37156,0.03875
1603,1.83968,1.42801,0.04301
1604,1.84066,1.42204,0.04263
1605,1.84164,1.38772,0.04111
1606,1.84262,1.44252,0.04288
1607,1.84361,1.43378,0.04167
1608,1.84459,1.4177,0.04155
1609,1.84557,1.38284,0.04047
1610,1.84656,1.5344,0.04614
1611,1.84754,1.46482,0.04423
1612,1.84852,1.57021,0.04341
1613,1.8495,1.41698,0.0428
1614,1.85049,1.49147,0.04362
1615,1.85147,1.38921,0.04092
1616,1.85245,1.4664,0.04229
1617,1.85344,1.50857,0.03939
1618,1.85442,1.47197,0.04574
1619,1.8554,1.4923,0.04087
1620,1.85639,1.46982,0.03893
1621,1.85737,1.52697,0.04404
1622,1.85835,1.3959,0.03862
1623,1.85933,1.4294,0.03835
1624,1.86032,1.4342,0.04314
1625,1.8613,1.4134,0.03966
1626,1.86228,1.40447,0.04232
1627,1.86327,1.49319,0.04544
1628,1.86425,1.40235,0.04127
1629,1.86523,1.39861,0.04174
1630,1.86622,1.45124,0.04049
1631,1.8672,1.54331,0.04566
1632,1.86818,1.3465,0.04506
1633,1.86916,1.45718,0.04305
1634,1.87015,1.41916,0.04256
1635,1.87113,1.45335,0.04301
1636,1.87211,1.44799,0.04038
1637,1.8731,1.39879,0.04366
1638,1.87408,1.39112,0.04122
1639,1.87506,1.36602,0.04483
1640,1.87605,1.4241,0.04418
1641,1.87703,1.59086,0.0456
1642,1.87801,1.38501,0.04317
1643,1.879,1.54713,0.04683
1644,1.87998,1.39336,0.0422
1645,1.88096,1.51057,0.04563
1646,1.88194,1.45603,0.0423
1647,1.88293,1.54102,0.04019
1648,1.88391,1.52352,0.04394
1649,1.88489,1.39006,0.04023
1650,1.88588,1.5056,0.0427
1651,1.88686,1.49102,0.04587
1652,1.88784,1.38067,0.04558
1653,1.88883,1.4674,0.04132
1654,1.88981,1.44816,0.04371
1655,1.89079,1.48191,0.04664
1656,1.89178,1.45235,0.0412
1657,1.89276,1.39532,0.04509
1658,1.89374,1.5391,0.04948
1659,1.89473,1.45371,0.04638
1660,1.89571,1.45406,0.04443
1661,1.89669,1.48442,0.04556
1662,1.89767,1.33413,0.04017
1663,1.89866,1.4344,0.04335
1664,1.89964,1.45277,0.04902
1665,1.90062,1.55978,0.04483
1666,1.90161,1.34865,0.04075
1667,1.90259,1.60552,0.04412
1668,1.90357,1.45321,0.04216
1669,1.90456,1.39717,0.04609
1670,1.90554,1.41166,0.0418
1671,1.90652,1.56891,0.04517
1672,1.90751,1.40176,0.04385
1673,1.90849,1.48036,0.04885
1674,1.90947,1.47439,0.04586
1675,1.91046,1.53894,0.04439
1676,1.91144,1.40053,0.04322
1677,1.91242,1.41564,0.04725
1678,1.91341,1.48882,0.04478
1679,1.91439,1.40351,0.04867
1680,1.91537,1.42771,0.04937
1681,1.91636,1.39004,0.04619
1682,1.91734,1.3869,0.04419
1683,1.91832,1.51577,0.04627
1684,1.91931,1.4598,0.04232
1685,1.92029,1.45127,0.0414
1686,1.92127,1.45602,0.04439
1687,1.92226,1.52744,0.0438
1688,1.92324,1.42368,0.0436
1689,1.92422,1.47004,0.03944
1690,1.92521,1.50164,0.04506
1691,1.92619,1.4239,0.04784
1692,1.92717,1.51781,0.04623
1693,1.92816,1.53651,0.05018
1694,1.92914,1.38694,0.04768
1695,1.93012,1.41873,0.04649
1696,1.9311,1.45922,0.04563
1697,1.93209,1.4102,0.04843
1698,1.93307,1.47386,0.05323
1699,1.93405,1.49833,0.0475
1700,1.93504,1.49058,0.04563
1701,1.93602,1.31701,0.0475
1702,1.937,1.43233,0.04663
1703,1.93799,1.5884,0.04877
1704,1.93897,1.50774,0.04696
1705,1.93995,1.57499,0.04663
1706,1.94094,1.5078,0.04386
1707,1.94192,1.43363,0.0479
1708,1.9429,1.45126,0.04533
1709,1.94389,1.39673,0.04819
1710,1.94487,1.33996,0.05228
1711,1.94585,1.46315,0.04704
1712,1.94684,1.28823,0.04582
1713,1.94782,1.49436,0.04836
1714,1.9488,1.33861,0.04606
1715,1.94979,1.57577,0.0488
1716,1.95077,1.39266,0.04503
1717,1.95175,1.48734,0.04519
1718,1.95274,1.43697,0.04581
1719,1.95372,1.58305,0.04252
1720,1.9547,1.38467,0.0475
1721,1.95569,1.45809,0.04754
1722,1.95667,1.42295,0.04577
1723,1.95765,1.52184,0.04628
1724,1.95864,1.46147,0.04355
1725,1.95962,1.42877,0.04525
1726,1.9606,1.36317,0.04449
1727,1.96159,1.47444,0.04921
1728,1.96257,1.51968,0.04817
1729,1.96355,1.41726,0.04627
1730,1.96454,1.46733,0.04969
1731,1.96552,1.48975,0.04458
1732,1.9665,1.51574,0.04736
1733,1.96749,1.52337,0.04684
1734,1.96847,1.3611,0.0453
1735,1.96945,1.48704,0.04662
1736,1.97044,1.526,0.04764
1737,1.97142,1.54416,0.05292
1738,1.9724,1.39798,0.04698
1739,1.97339,1.47301,0.04992
1740,1.97437,1.54679,0.04703
1741,1.97535,1.46457,0.04797
1742,1.97634,1.37832,0.0478
1743,1.97732,1.575,0.0463
1744,1.9783,1.5078,0.04503
1745,1.97929,1.44352,0.05395
1746,1.98027,1.42817,0.04767
1747,1.98125,1.46643,0.05114
1748,1.98224,1.31273,0.04825
1749,1.98322,1.45414,0.0531
1750,1.9842,1.50565,0.05144
1751,1.98519,1.35875,0.05326
1752,1.98617,1.4657,0.05032
1753,1.98715,1.40961,0.04883
1754,1.98814,1.56767,0.04761
1755,1.98912,1.43899,0.04773
1756,1.99011,1.41438,0.0505
1757,1.99109,1.50966,0.05192
1758,1.99207,1.40234,0.05213
1759,1.99306,1.45161,0.0488
1760,1.99404,1.50214,0.0526
1761,1.99502,1.35615,0.05292
1762,1.99601,1.33892,0.04791
1763,1.99699,1.41833,0.04587
1764,1.99797,1.47626,0.05321
1765,1.99896,1.53983,0.05056
1766,1.99994,1.29076,0.04249
1767,2.00092,1.53896,0.05259
1768,2.00191,1.60517,0.05656
1769,2.00289,1.53776,0.04614
1770,2.00387,1.50806,0.04972
1771,2.00486,1.39839,0.04782
1772,2.00584,1.46409,0.05026
1773,2.00682,1.35195,0.04989
1774,2.00781,1.52916,0.04967
1775,2.00879,1.38737,0.04849
1776,2.00977,1.53878,0.05108
1777,2.01076,1.4612,0.05472
1778,2.01174,1.36516,0.05069
1779,2.01272,1.56723,0.04753
1780,2.01371,1.35255,0.0516
1781,2.01469,1.37264,0.04634
1782,2.01567,1.45774,0.04755
1783,2.01666,1.35079,0.04535
1784,2.01764,1.48089,0.04971
1785,2.01862,1.46682,0.0508
1786,2.01961,1.3632,0.05268
1787,2.02059,1.35251,0.05024
1788,2.02157,1.49174,0.04895
1789,2.02256,1.46485,0.05188
1790,2.02354,1.39224,0.04353
1791,2.02452,1.34006,0.04889
1792,2.02551,1.56316,0.05017
1793,2.02649,1.46809,0.05234
1794,2.02747,1.43037,0.05155
1795,2.02846,1.42594,0.05224
1796,2.02944,1.48123,0.05006
1797,2.03042,1.4642,0.05482
1798,2.03141,1.46291,0.04959
1799,2.03239,1.46905,0.04953
1800,2.03337,1.4634,0.05025
1801,2.03436,1.5495,0.05147
1802,2.03534,1.38453,0.05016
1803,2.03632,1.50382,0.0555
1804,2.03731,1.4657,0.0539
1805,2.03829,1.40509,0.0564
1806,2.03927,1.43102,0.05446
1807,2.04026,1.49465,0.05046
1808,2.04124,1.38196,0.05557
1809,2.04222,1.62547,0.05927
1810,2.04321,1.49174,0.05634
1811,2.04419,1.53228,0.05283
1812,2.04517,1.46166,0.04921
1813,2.04616,1.4304,0.05466
1814,2.04714,1.36323,0.05265
1815,2.04813,1.53317,0.05137
1816,2.04911,1.48799,0.05239
1817,2.05009,1.43942,0.05618
1818,2.05108,1.31111,0.05172
1819,2.05206,1.43138,0.05858
1820,2.05304,1.40792,0.05539
1821,2.05403,1.55875,0.0558
1822,2.05501,1.38238,0.05267
1823,2.05599,1.54266,0.05586
1824,2.05698,1.40104,0.05284
1825,2.05796,1.33624,0.04968
1826,2.05894,1.40928,0.05526
1827,2.05993,1.46607,0.0561
1828,2.06091,1.434,0.05438
1829,2.06189,1.44583,0.05535
1830,2.06288,1.35842,0.0525
1831,2.06386,1.48937,0.05007
1832,2.06484,1.38916,0.05448
1833,2.06583,1.47044,0.05238
1834,2.06681,1.4563,0.05055
1835,2.06779,1.45324,0.05617
1836,2.06878,1.40329,0.04978
1837,2.06976,1.5249,0.04993
1838,2.07074,1.4212,0.04664
1839,2.07173,1.39199,0.04776
1840,2.07271,1.32472,0.05612
1841,2.07369,1.44252,0.05275
1842,2.07468,1.39093,0.05337
1843,2.07566,1.36233,0.05426
1844,2.07664,1.44793,0.05606
1845,2.07763,1.48373,0.05653
1846,2.07861,1.4443,0.05239
1847,2.07959,1.55775,0.05547
1848,2.08058,1.54353,0.05652
1849,2.08156,1.58012,0.05811
1850,2.08254,1.4155,0.04821
1851,2.08353,1.54487,0.05853
1852,2.08451,1.32792,0.05367
1853,2.0855,1.34091,0.05337
1854,2.08648,1.49233,0.05839
1855,2.08746,1.43514,0.0583
1856,2.08845,1.53854,0.05113
1857,2.08943,1.35793,0.05611
1858,2.09041,1.44675,0.06055
1859,2.0914,1.51006,0.05705
1860,2.09238,1.36135,0.05485
1861,2.09336,1.3285,0.05897
1862,2.09435,1.4181,0.05766
1863,2.09533,1.39061,0.06
1864,2.09631,1.30679,0.05852
1865,2.0973,1.36889,0.04892
1866,2.09828,1.43682,0.05408
1867,2.09926,1.51854,0.06008
1868,2.10025,1.54494,0.05611
1869,2.10123,1.44872,0.05876
1870,2.10221,1.38362,0.05557
1871,2.1032,1.36601,0.05256
1872,2.10418,1.32795,0.05913
1873,2.10516,1.49403,0.0568
1874,2.10615,1.3657,0.05631
1875,2.10713,1.44761,0.05532
1876,2.10811,1.5575,0.05731
1877,2.1091,1.49084,0.05539
1878,2.11008,1.47428,0.05847
1879,2.11106,1.41261,0.05305
1880,2.11205,1.3428,0.05811
1881,2.11303,1.46008,0.05721
1882,2.11402,1.39462,0.06126
1883,2.115,1.39139,0.06095
1884,2.11598,1.40411,0.05745
1885,2.11697,1.35466,0.05878
1886,2.11795,1.28864,0.0556
1887,2.11893,1.46751,0.05441
1888,2.11992,1.34759,0.05811
1889,2.1209,1.36448,0.06144
1890,2.12188,1.41853,0.05637
1891,2.12287,1.49241,0.05859
1892,2.12385,1.56269,0.056
1893,2.12483,1.44756,0.05808
1894,2.12582,1.40761,0.05266
1895,2.1268,1.46444,0.05528
1896,2.12778,1.43516,0.058
1897,2.12877,1.56694,0.05717
1898,2.12975,1.31331,0.05771
1899,2.13073,1.25505,0.05567
1900,2.13172,1.31777,0.05794
1901,2.1327,1.55471,0.06413
1902,2.13368,1.36188,0.05906
1903,2.13467,1.32302,0.05576
1904,2.13565,1.34851,0.05963
1905,2.13664,1.42432,0.04923
1906,2.13762,1.30949,0.05244
1907,2.1386,1.42852,0.06177
1908,2.13959,1.47774,0.06398
1909,2.14057,1.50485,0.05807
1910,2.14155,1.45446,0.05941
1911,2.14254,1.53017,0.06017
1912,2.14352,1.38713,0.05985
1913,2.1445,1.35862,0.06065
1914,2.14549,1.45463,0.06091
1915,2.14647,1.47331,0.05538
1916,2.14745,1.57138,0.05934
1917,2.14844,1.48727,0.06208
1918,2.14942,1.48946,0.05509
1919,2.1504,1.55586,0.06103
1920,2.15139,1.49466,0.05833
1921,2.15237,1.47761,0.0656
1922,2.15336,1.52275,0.05826
1923,2.15434,1.35509,0.05472
1924,2.15532,1.38984,0.05648
1925,2.15631,1.43932,0.05982
1926,2.15729,1.39231,0.05634
1927,2.15827,1.48476,0.05954
1928,2.15926,1.46756,0.06003
1929,2.16024,1.32842,0.05771
1930,2.16122,1.44666,0.05738
1931,2.16221,1.35327,0.06158
1932,2.16319,1.33705,0.05771
1933,2.16417,1.46037,0.05999
1934,2.16516,1.50508,0.06093
1935,2.16614,1.43967,0.05506
1936,2.16713,1.39945,0.06346
1937,2.16811,1.40006,0.05981
1938,2.16909,1.26784,0.05915
1939,2.17008,1.29476,0.05798
1940,2.17106,1.57443,0.06105
1941,2.17204,1.42732,0.06025
1942,2.17303,1.38047,0.05921
1943,2.17401,1.41278,0.06483
1944,2.17499,1.37797,0.06027
1945,2.17598,1.27546,0.06165
1946,2.17696,1.30075,0.0604
1947,2.17794,1.56079,0.06116
1948,2.17893,1.45248,0.06373
1949,2.17991,1.15597,0.05887
1950,2.1809,1.34452,0.06025
1951,2.18188,1.42799,0.06115
1952,2.18286,1.4342,0.05451
1953,2.18385,1.41727,0.05855
1954,2.18483,1.3143,0.0561
1955,2.18581,1.46521,0.05907
1956,2.1868,1.49285,0.0643
1957,2.18778,1.45538,0.06657
1958,2.18877,1.37496,0.05871
1959,2.18975,1.25496,0.05961
1960,2.19073,1.25909,0.05988
1961,2.19172,1.30885,0.06105
1962,2.1927,1.51967,0.05841
1963,2.19368,1.28297,0.05674
1964,2.19467,1.38149,0.06058
1965,2.19565,1.42629,0.05901
1966,2.19663,1.34284,0.0629
1967,2.19762,1.36292,0.06228
1968,2.1986,1.43118,0.06429
1969,2.19959,1.46578,0.06116
1970,2.20057,1.32915,0.05662
1971,2.20155,1.41515,0.06872
1972,2.20254,1.3061,0.06602
1973,2.20352,1.38332,0.05642
1974,2.2045,1.56138,0.06177
1975,2.20549,1.49574,0.06602
1976,2.20647,1.40883,0.05788
1977,2.20746,1.40911,0.06081
1978,2.20844,1.33867,0.06284
1979,2.20942,1.45616,0.0647
1980,2.21041,1.22716,0.05724
1981,2.21139,1.38482,0.05809
1982,2.21237,1.39843,0.06684
1983,2.21336,1.40911,0.06747
1984,2.21434,1.40774,0.06277
1985,2.21533,1.48516,0.06446
1986,2.21631,1.29127,0.06716
1987,2.21729,1.55587,0.06259
1988,2.21828,1.33354,0.05904
1989,2.21926,1.3904,0.06486
1990,2.22025,1.31489,0.05916
1991,2.22123,1.34649,0.05797
1992,2.22221,1.50644,0.06146
1993,2.2232,1.43304,0.06176
1994,2.22418,1.40111,0.05451
1995,2.22516,1.1927,0.05903
1996,2.22615,1.48558,0.06203
1997,2.22713,1.38323,0.06519
1998,2.22812,1.25547,0.05477
1999,2.2291,1.37215,0.06284
2000,2.23008,1.55581,0.06776
2001,2.23107,1.47238,0.06365
2002,2.23205,1.36114,0.06252
2003,2.23304,1.64894,0.05829
2004,2.23402,1.52925,0.06131
2005,2.235,1.36034,0.06363
2006,2.23599,1.48428,0.05833
2007,2.23697,1.46451,0.06561
2008,2.23796,1.4453,0.06345
2009,2.23894,1.51391,0.0541
2010,2.23992,1.38841,0.06406
2011,2.24091,1.40508,0.065
2012,2.24189,1.52723,0.06475
2013,2.24287,1.508,0.06378
2014,2.24386,1.32209,0.05588
2015,2.24484,1.23772,0.06187
2016,2.24583,1.33716,0.06169
2017,2.24681,1.43584,0.06259
2018,2.24779,1.30262,0.06459
2019,2.24878,1.49343,0.06288
2020,2.24976,1.26934,0.0723
2021,2.25075,1.38314,0.06268
2022,2.25173,1.39648,0.06312
2023,2.25272,1.42605,0.06369
2024,2.2537,1.49512,0.07225
2025,2.25468,1.42292,0.06179
2026,2.25567,1.42728,0.07118
2027,2.25665,1.57503,0.07144
2028,2.25764,1.6454,0.0708
2029,2.25862,1.3202,0.06096
2030,2.2596,1.3736,0.05701
2031,2.26059,1.502,0.05632
2032,2.26157,1.39673,0.06669
2033,2.26256,1.34379,0.06396
2034,2.26354,1.49259,0.06981
2035,2.26452,1.30053,0.06566
2036,2.26551,1.42636,0.06571
2037,2.26649,1.49738,0.06526
2038,2.26748,1.52869,0.06755
2039,2.26846,1.37798,0.06627
2040,2.26945,1.30211,0.06625
2041,2.27043,1.4632,0.06484
2042,2.27141,1.43789,0.06718
2043,2.2724,1.44946,0.0654
2044,2.27338,1.38989,0.068
2045,2.27437,1.50305,0.06907
2046,2.27535,1.44556,0.06714
2047,2.27634,1.33339,0.07659
2048,2.27732,1.38321,0.06693
2049,2.2783,1.46299,0.06943
2050,2.27929,1.50471,0.07322
2051,2.28027,1.48943,0.06992
2052,2.28126,1.40555,0.06558
2053,2.28224,1.57376,0.07061
2054,2.28323,1.51111,0.06761
2055,2.28421,1.30728,0.0691
2056,2.28519,1.36349,0.06941
2057,2.28618,1.49948,0.07142
2058,2.28716,1.37716,0.07174
2059,2.28815,1.43623,0.0653
2060,2.28913,1.39513,0.07355
2061,2.29012,1.57434,0.07278
2062,2.2911,1.37614,0.07067
2063,2.29209,1.52506,0.06927
2064,2.29307,1.44534,0.06406
2065,2.29405,1.37958,0.07253
2066,2.29504,1.34394,0.06856
2067,2.29602,1.44659,0.06952
2068,2.29701,1.522,0.06992
2069,2.29799,1.44322,0.0766
2070,2.29898,1.31264,0.0657
2071,2.29996,1.51974,0.06882
2072,2.30095,1.33947,0.06858
2073,2.30193,1.56893,0.07019
2074,2.30291,1.30479,0.07037
2075,2.3039,1.52546,0.07077
2076,2.30488,1.35959,0.06801
2077,2.30587,1.521,0.06639
2078,2.30685,1.34589,0.0709
2079,2.30784,1.26614,0.06523
2080,2.30882,1.44509,0.06592
2081,2.30981,1.28712,0.06932
2082,2.31079,1.44524,0.07082
2083,2.31178,1.58191,0.06683
2084,2.31276,1.45004,0.0789
2085,2.31375,1.61934,0.06992
2086,2.31473,1.42368,0.06849
2087,2.31572,1.47891,0.07765
2088,2.3167,1.3328,0.06714
2089,2.31768,1.42769,0.07231
2090,2.31867,1.47767,0.07698
2091,2.31965,1.58708,0.07477
2092,2.32064,1.62898,0.07446
2093,2.32162,1.4874,0.07427
2094,2.32261,1.42982,0.0746
2095,2.32359,1.4176,0.07945
2096,2.32458,1.52008,0.07323
2097,2.32556,1.33928,0.067
2098,2.32655,1.3565,0.08024
2099,2.32753,1.42436,0.07382
2100,2.32852,1.42871,0.07458
2101,2.3295,1.32125,0.07422
2102,2.33049,1.54443,0.07576
2103,2.33147,1.39716,0.07177
2104,2.33246,1.48939,0.0722
2105,2.33344,1.40344,0.06989
2106,2.33443,1.51215,0.07239
2107,2.33541,1.42889,0.07673
2108,2.3364,1.40099,0.07062
2109,2.33738,1.44284,0.07237
2110,2.33837,1.46091,0.07144
2111,2.33935,1.36528,0.07055
2112,2.34034,1.54661,0.07821
2113,2.34132,1.41599,0.06676
2114,2.34231,1.58481,0.07306
2115,2.34329,1.52119,0.06728
2116,2.34428,1.54102,0.07148
2117,2.34526,1.38325,0.07072
2118,2.34625,1.52963,0.07188
2119,2.34723,1.42034,0.0738
2120,2.34822,1.43889,0.069
2121,2.3492,1.42667,0.07193
2122,2.35019,1.4298,0.07953
2123,2.35118,1.56842,0.0698
2124,2.35216,1.38126,0.07182
2125,2.35315,1.53273,0.08073
2126,2.35413,1.43245,0.07288
2127,2.35512,1.46496,0.07366
2128,2.3561,1.33496,0.07065
2129,2.35709,1.24136,0.07985
2130,2.35807,1.56816,0.07105
2131,2.35906,1.48014,0.08013
2132,2.36004,1.2384,0.06996
2133,2.36103,1.35319,0.07956
2134,2.36201,1.53197,0.08216
2135,2.363,1.36058,0.07937
2136,2.36399,1.43925,0.07706
2137,2.36497,1.45504,0.07788
2138,2.36596,1.36717,0.07672
2139,2.36694,1.22049,0.07929
2140,2.36793,1.51476,0.07882
2141,2.36891,1.40072,0.07681
2142,2.3699,1.37988,0.07721
2143,2.37088,1.36154,0.07591
2144,2.37187,1.28105,0.07511
2145,2.37286,1.31934,0.08007
2146,2.37384,1.55942,0.07993
2147,2.37483,1.63227,0.07483
2148,2.37581,1.45319,0.07461
2149,2.3768,1.55752,0.07769
2150,2.37778,1.44295,0.06894
2151,2.37877,1.31002,0.07865
2152,2.37976,1.15786,0.07391
2153,2.38074,1.45645,0.07031
2154,2.38173,1.46687,0.08047
2155,2.38271,1.4912,0.07472
2156,2.3837,1.49526,0.07707
2157,2.38468,1.47095,0.08124
2158,2.38567,1.16222,0.07014
2159,2.38666,1.62581,0.0858
2160,2.38764,1.42894,0.07807
2161,2.38863,1.42863,0.08056
2162,2.38961,1.56039,0.07771
2163,2.3906,1.24925,0.08414
2164,2.39159,1.39267,0.07419
2165,2.39257,1.21939,0.07608
2166,2.39356,1.37806,0.0905
2167,2.39454,1.3912,0.08183
2168,2.39553,1.38058,0.07401
2169,2.39652,1.4916,0.07825
2170,2.3975,1.13631,0.07642
2171,2.39849,1.45901,0.07727
2172,2.39948,1.35744,0.08132
2173,2.40046,1.59057,0.07757
2174,2.40145,1.47534,0.0755
2175,2.40243,1.48865,0.08411
2176,2.40342,1.48643,0.07635
2177,2.40441,1.4619,0.07629
2178,2.40539,1.31098,0.07681
2179,2.40638,1.62331,0.08387
2180,2.40737,1.4088,0.0782
2181,2.40835,1.35924,0.07623
2182,2.40934,1.51569,0.07726
2183,2.41032,1.48562,0.08123
2184,2.41131,1.38603,0.07752
2185,2.4123,1.25581,0.08264
2186,2.41328,1.44507,0.08097
2187,2.41427,1.296,0.07834
2188,2.41526,1.42587,0.08347
2189,2.41624,1.46694,0.08164
2190,2.41723,1.3717,0.0797
2191,2.41822,1.39482,0.07808
2192,2.4192,1.43034,0.08157
2193,2.42019,1.51905,0.07793
2194,2.42118,1.50586,0.0839
2195,2.42216,1.34154,0.07657
2196,2.42315,1.66328,0.08496
2197,2.42414,1.47993,0.0794
2198,2.42512,1.7092,0.08079
2199,2.42611,1.61121,0.08562
2200,2.4271,1.61083,0.08485
2201,2.42809,1.55709,0.0813
2202,2.42907,1.52192,0.07969
2203,2.43006,1.55476,0.08469
2204,2.43105,1.60473,0.08697
2205,2.43203,1.23619,0.08765
2206,2.43302,1.57296,0.08741
2207,2.43401,1.49336,0.07822
2208,2.43499,1.57385,0.0838
2209,2.43598,1.43137,0.08304
2210,2.43697,1.41325,0.08122
2211,2.43796,1.40693,0.08065
2212,2.43894,1.53769,0.08161
2213,2.43993,1.71686,0.08457
2214,2.44092,1.36538,0.08273
2215,2.4419,1.45062,0.07846
2216,2.44289,1.43034,0.0823
2217,2.44388,1.54258,0.08497
2218,2.44487,1.26226,0.0802
2219,2.44585,1.50548,0.08839
2220,2.44684,1.36311,0.08727
2221,2.44783,1.33431,0.08453
2222,2.44882,1.47937,0.08219
2223,2.4498,1.28308,0.0844
2224,2.45079,1.61062,0.08721
2225,2.45178,1.26543,0.08508
2226,2.45277,1.47899,0.08179
2227,2.45375,1.42817,0.0815
2228,2.45474,1.38104,0.08747
2229,2.45573,1.50638,0.08949
2230,2.45672,1.53968,0.09068
2231,2.4577,1.23333,0.08066
2232,2.45869,1.14967,0.08585
2233,2.45968,1.39745,0.08306
2234,2.46067,1.2046,0.08322
2235,2.46165,1.51466,0.08646
2236,2.46264,1.452,0.08033
2237,2.46363,1.60201,0.08784
2238,2.46462,1.28144,0.08114
2239,2.46561,1.64751,0.08643
2240,2.46659,1.51294,0.09008
2241,2.46758,1.4558,0.08515
2242,2.46857,1.38522,0.08374
2243,2.46956,1.43311,0.08694
2244,2.47055,1.66483,0.09451
2245,2.47153,1.50848,0.09398
2246,2.47252,1.43233,0.08794
2247,2.47351,1.57579,0.08503
2248,2.4745,1.32144,0.09161
2249,2.47549,1.32945,0.08544
2250,2.47648,1.32608,0.083
2251,2.47746,1.65999,0.09246
2252,2.47845,1.48377,0.09688
2253,2.47944,1.36213,0.08813
2254,2.48043,1.72143,0.09184
2255,2.48142,1.45394,0.08645
2256,2.48241,1.57851,0.08602
2257,2.48339,1.36366,0.08028
2258,2.48438,1.5027,0.08194
2259,2.48537,1.48353,0.08246
2260,2.48636,1.51479,0.08758
2261,2.48735,1.17691,0.09159
2262,2.48834,1.23645,0.08991
2263,2.48933,1.60802,0.09087
2264,2.49031,1.49697,0.07753
2265,2.4913,1.34624,0.08843
2266,2.49229,1.37502,0.07942
2267,2.49328,1.47504,0.09215
2268,2.49427,1.37447,0.08687
2269,2.49526,1.6611,0.08447
2270,2.49625,1.42214,0.08829
2271,2.49724,1.55426,0.09384
2272,2.49823,1.5996,0.0852
2273,2.49922,1.54653,0.08985
2274,2.5002,1.38442,0.0788
2275,2.50119,1.52887,0.09109
2276,2.50218,1.36038,0.08603
2277,2.50317,1.39767,0.09126
2278,2.50416,1.11212,0.09659
2279,2.50515,1.24891,0.09689
2280,2.50614,1.4554,0.08729
2281,2.50713,1.49879,0.0962
2282,2.50812,1.3713,0.09499
2283,2.50911,1.48215,0.08788
2284,2.5101,1.43014,0.09277
2285,2.51109,1.44154,0.09168
2286,2.51208,1.73156,0.0898
2287,2.51307,1.48137,0.09529
2288,2.51406,1.79802,0.10485
2289,2.51504,1.30407,0.08914
2290,2.51603,1.4974,0.09845
2291,2.51702,1.54471,0.09227
2292,2.51801,1.62752,0.09998
2293,2.519,1.39486,0.09468
2294,2.51999,1.57031,0.0931
2295,2.52098,1.32551,0.09224
2296,2.52197,1.24202,0.09055
2297,2.52296,1.38267,0.09652
2298,2.52395,1.6197,0.08525
2299,2.52494,1.74057,0.08885
2300,2.52593,1.4783,0.09057
2301,2.52692,1.53064,0.09562
2302,2.52791,1.30104,0.08883
2303,2.5289,1.46024,0.09557
2304,2.52989,1.3747,0.08536
2305,2.53088,1.34932,0.08873
2306,2.53187,1.46932,0.09073
2307,2.53286,1.53172,0.09635
2308,2.53385,1.4451,0.0845
2309,2.53485,1.58344,0.08231
2310,2.53584,1.35209,0.09761
2311,2.53683,1.754,0.10001
2312,2.53782,1.35513,0.09448
2313,2.53881,1.64581,0.10146
2314,2.5398,1.358,0.09223
2315,2.54079,1.36193,0.09511
2316,2.54178,1.53527,0.1005
2317,2.54277,1.60075,0.10289
2318,2.54376,1.51835,0.09477
2319,2.54475,1.57948,0.10415
2320,2.54574,1.5452,0.08619
2321,2.54673,1.47982,0.09706
2322,2.54772,1.56164,0.0888
2323,2.54872,1.61021,0.09713
2324,2.54971,1.49421,0.09436
2325,2.5507,1.29734,0.08764
2326,2.55169,1.2002,0.09559
2327,2.55268,1.30517,0.09832
2328,2.55367,1.55293,0.09876
2329,2.55466,1.5661,0.09895
2330,2.55565,1.59142,0.09268
2331,2.55664,1.41988,0.08819
2332,2.55764,1.56198,0.10053
2333,2.55863,1.47602,0.09907
2334,2.55962,1.57135,0.09922
2335,2.56061,1.54008,0.08191
2336,2.5616,1.45055,0.10247
2337,2.56259,1.64012,0.09432
2338,2.56359,1.48207,0.10168
2339,2.56458,1.4697,0.09603
2340,2.56557,1.33042,0.10313
2341,2.56656,1.67994,0.09698
2342,2.56755,1.19215,0.09407
2343,2.56854,1.5948,0.09083
2344,2.56954,1.46826,0.10024
2345,2.57053,1.35586,0.10159
2346,2.57152,1.29503,0.09903
2347,2.57251,1.56136,0.0935
2348,2.5735,1.4296,0.09103
2349,2.5745,1.3871,0.1038
2350,2.57549,1.55176,0.09031
2351,2.57648,1.49102,0.10348
2352,2.57747,1.07786,0.10413
2353,2.57847,1.54408,0.09683
2354,2.57946,1.31986,0.09695
2355,2.58045,1.61489,0.10562
2356,2.58144,1.30903,0.09598
2357,2.58244,1.435,0.08671
2358,2.58343,1.58852,0.09789
2359,2.58442,1.41096,0.105
2360,2.58541,1.42895,0.0929
2361,2.58641,1.59049,0.10424
2362,2.5874,1.47768,0.0969
2363,2.58839,1.47709,0.09797
2364,2.58938,1.53215,0.10179
2365,2.59038,1.32208,0.08952
2366,2.59137,1.47209,0.10917
2367,2.59236,1.45746,0.09874
2368,2.59336,1.41945,0.0951
2369,2.59435,1.65307,0.10523
2370,2.59534,1.58685,0.09311
2371,2.59634,1.59686,0.10421
2372,2.59733,1.52726,0.09507
2373,2.59832,1.66147,0.10056
2374,2.59932,1.31254,0.09224
2375,2.60031,1.32774,0.09462
2376,2.6013,1.59339,0.1035
2377,2.6023,1.42524,0.10429
2378,2.60329,1.41631,0.10314
2379,2.60428,1.1979,0.09568
2380,2.60528,1.54967,0.09422
2381,2.60627,1.53464,0.10878
2382,2.60727,1.21779,0.09625
2383,2.60826,1.50602,0.10173
2384,2.60925,1.49044,0.09688
2385,2.61025,1.50893,0.10505
2386,2.61124,1.43075,0.09988
2387,2.61223,1.68919,0.10173
2388,2.61323,1.45828,0.10042
2389,2.61422,1.47101,0.1136
2390,2.61522,1.36891,0.09294
2391,2.61621,1.58129,0.10803
2392,2.61721,1.48633,0.10989
2393,2.6182,1.50491,0.09849
2394,2.61919,1.74148,0.10617
2395,2.62019,1.77346,0.10898
2396,2.62118,1.44058,0.09355
2397,2.62218,1.328,0.09937
2398,2.62317,1.57817,0.0955
2399,2.62417,1.44063,0.10376
2400,2.62516,1.59783,0.10513
2401,2.62616,1.58166,0.10459
2402,2.62715,1.36515,0.10223
2403,2.62815,1.46333,0.10385
2404,2.62914,1.0078,0.11344
2405,2.63014,1.29545,0.09643
2406,2.63113,1.37479,0.10418
2407,2.63213,1.22855,0.09344
2408,2.63312,1.5936,0.09617
2409,2.63412,1.39693,0.09894
2410,2.63511,1.37538,0.09223
2411,2.63611,1.12993,0.10702
2412,2.6371,1.49535,0.10209
2413,2.6381,1.50708,0.10453
2414,2.6391,1.69469,0.09849
2415,2.64009,1.43196,0.09847
2416,2.64109,1.52952,0.10145
2417,2.64208,1.43198,0.10665
2418,2.64308,1.44792,0.0967
2419,2.64407,1.52678,0.09534
2420,2.64507,1.5509,0.09557
2421,2.64607,1.35279,0.10341
2422,2.64706,1.54537,0.10965
2423,2.64806,1.53009,0.10801
2424,2.64906,1.61975,0.10927
2425,2.65005,1.55371,0.10608
2426,2.65105,1.59509,0.10385
2427,2.65204,1.51706,0.09971
2428,2.65304,1.25972,0.10856
2429,2.65404,1.51245,0.10793
2430,2.65503,1.33003,0.10562
2431,2.65603,1.43302,0.10793
2432,2.65703,1.3252,0.11078
2433,2.65802,1.3222,0.09941
2434,2.65902,1.54604,0.10676
2435,2.66002,1.42754,0.10496
2436,2.66101,1.27085,0.10999
2437,2.66201,1.60421,0.10308
2438,2.66301,1.53752,0.09679
2439,2.66401,1.43319,0.10875
2440,2.665,1.28884,0.10098
2441,2.666,1.35429,0.1059
2442,2.667,1.48946,0.0994
2443,2.66799,1.69562,0.11131
2444,2.66899,1.29595,0.1061
2445,2.66999,1.3156,0.10839
2446,2.67099,1.4472,0.11095
2447,2.67199,1.33009,0.1122
2448,2.67298,1.38018,0.10692
2449,2.67398,1.50021,0.11136
2450,2.67498,1.57196,0.107
2451,2.67598,1.66275,0.1022
2452,2.67697,1.68122,0.10066
2453,2.67797,1.41793,0.11098
2454,2.67897,1.21524,0.11363
2455,2.67997,1.12747,0.10746
2456,2.68097,1.65547,0.12063
2457,2.68197,1.3066,0.10003
2458,2.68296,1.49045,0.09779
2459,2.68396,1.54002,0.11251
2460,2.68496,1.34943,0.11015
2461,2.68596,1.44273,0.11203
2462,2.68696,1.47292,0.10095
2463,2.68796,1.58748,0.105
2464,2.68896,1.47437,0.1118
2465,2.68995,1.42331,0.10716
2466,2.69095,1.3106,0.11147
2467,2.69195,1.57419,0.09771
2468,2.69295,1.56914,0.11444
2469,2.69395,1.58296,0.11169
2470,2.69495,1.2473,0.10283
2471,2.69595,1.39292,0.10169
2472,2.69695,1.26893,0.11363
2473,2.69795,1.59979,0.11875
2474,2.69895,1.65808,0.11035
2475,2.69995,1.52097,0.10311
2476,2.70095,1.90049,0.1097
2477,2.70195,1.78172,0.11511
2478,2.70295,1.58307,0.09412
2479,2.70395,1.63678,0.11888
2480,2.70495,1.62501,0.11178
2481,2.70595,1.70684,0.11965
2482,2.70695,1.35041,0.10358
2483,2.70795,1.66334,0.1154
2484,2.70895,1.33319,0.12246
2485,2.70995,1.36695,0.10871
2486,2.71095,1.42412,0.11491
2487,2.71195,1.33787,0.10388
2488,2.71295,1.66961,0.11806
2489,2.71395,1.61682,0.11718
2490,2.71495,1.56969,0.10425
2491,2.71595,1.7086,0.12039
2492,2.71695,1.60509,0.11256
2493,2.71795,1.46251,0.12108
2494,2.71895,1.54364,0.10324
2495,2.71995,1.29828,0.12211
2496,2.72095,1.5959,0.11888
2497,2.72196,1.30671,0.11771
2498,2.72296,1.68815,0.113
2499,2.72396,1.42391,0.10525
2500,2.72496,1.52792,0.11811
2501,2.72596,1.37059,0.1135
2502,2.72696,1.7263,0.10489
2503,2.72796,1.76087,0.11353
2504,2.72897,1.51226,0.11813
2505,2.72997,1.56165,0.12443
2506,2.73097,1.64263,0.11635
2507,2.73197,1.32197,0.10943
2508,2.73297,1.59476,0.1194
2509,2.73398,1.49029,0.10893
2510,2.73498,1.7952,0.10955
2511,2.73598,1.87699,0.12789
2512,2.73698,1.36272,0.11074
2513,2.73799,1.66757,0.09535
2514,2.73899,1.48689,0.11988
2515,2.73999,1.4818,0.12
2516,2.74099,1.52985,0.12329
2517,2.742,1.78561,0.12935
2518,2.743,1.86776,0.11429
2519,2.744,1.57798,0.10643
2520,2.745,1.61343,0.12274
2521,2.74601,1.30928,0.11039
2522,2.74701,1.15231,0.11131
2523,2.74801,1.67918,0.11754
2524,2.74902,1.50005,0.11231
2525,2.75002,1.49818,0.127
2526,2.75102,1.41846,0.12835
2527,2.75203,1.52422,0.12026
2528,2.75303,1.62867,0.11505
2529,2.75403,1.4273,0.10476
2530,2.75504,1.48259,0.12537
2531,2.75604,1.52262,0.12015
2532,2.75705,1.04492,0.12337
2533,2.75805,1.4351,0.12454
2534,2.75905,1.25159,0.11536
2535,2.76006,1.54518,0.11325
2536,2.76106,1.39152,0.11498
2537,2.76207,1.22845,0.11645
2538,2.76307,1.3216,0.1265
2539,2.76408,1.45439,0.1226
2540,2.76508,1.30267,0.11633
2541,2.76609,1.72405,0.12232
2542,2.76709,1.60426,0.11856
2543,2.7681,1.50407,0.1256
2544,2.7691,1.49943,0.12351
2545,2.77011,1.32178,0.12308
2546,2.77111,1.58483,0.11649
2547,2.77212,1.27602,0.13174
2548,2.77312,1.41468,0.12877
2549,2.77413,1.47585,0.12428
2550,2.77513,1.62655,0.12958
2551,2.77614,1.88307,0.12796
2552,2.77714,1.69839,0.13123
2553,2.77815,1.39368,0.11452
2554,2.77916,1.20037,0.11853
2555,2.78016,1.44197,0.13051
2556,2.78117,1.30222,0.13276
2557,2.78217,1.69808,0.12279
2558,2.78318,1.24034,0.13356
2559,2.78419,1.37153,0.12868
2560,2.78519,1.48077,0.12735
2561,2.7862,1.41675,0.1246
2562,2.78721,1.26311,0.13003
2563,2.78821,1.30785,0.12659
2564,2.78922,1.74812,0.13253
2565,2.79023,1.63358,0.12832
2566,2.79123,1.49326,0.14353
2567,2.79224,1.81294,0.14463
2568,2.79325,1.25709,0.12295
2569,2.79425,1.60044,0.14189
2570,2.79526,1.18171,0.12652
2571,2.79627,1.36591,0.12915
2572,2.79728,1.59211,0.13947
2573,2.79828,1.52823,0.14562
2574,2.79929,1.43991,0.14641
2575,2.8003,1.65531,0.13328
2576,2.80131,1.71707,0.13989
2577,2.80232,1.63433,0.12727
2578,2.80332,1.26396,0.1286
2579,2.80433,1.84961,0.1197
2580,2.80534,1.56974,0.13411
2581,2.80635,1.3536,0.11602
2582,2.80736,1.6275,0.14139
2583,2.80837,1.42465,0.12485
2584,2.80937,1.54123,0.137
2585,2.81038,1.66822,0.12694
2586,2.81139,1.6962,0.12953
2587,2.8124,1.25949,0.13716
2588,2.81341,1.658,0.13211
2589,2.81442,1.53386,0.14682
2590,2.81543,1.53101,0.1264
2591,2.81644,1.38274,0.13935
2592,2.81745,1.58659,0.13602
2593,2.81846,1.3685,0.12733
2594,2.81947,1.61025,0.12246
2595,2.82048,1.67239,0.14285
2596,2.82149,1.45486,0.13985
2597,2.8225,1.42716,0.13898
2598,2.82351,1.50213,0.1307
2599,2.82452,1.47247,0.13513
2600,2.82553,1.74068,0.14448
2601,2.82654,1.40982,0.13863
2602,2.82755,1.56103,0.12931
2603,2.82856,1.27807,0.13137
